GAME_ID,EVENTNUM,EVENTMSGTYPE,EVENTMSGACTIONTYPE,PERIOD,WCTIMESTRING,PCTIMESTRING,HOMEDESCRIPTION,NEUTRALDESCRIPTION,VISITORDESCRIPTION,SCORE,SCOREMARGIN,PERSON1TYPE,PLAYER1_ID,PLAYER1_NAME,PLAYER1_TEAM_ID,PLAYER1_TEAM_CITY,PLAYER1_TEAM_NICKNAME,PLAYER1_TEAM_ABBREVIATION,PERSON2TYPE,PLAYER2_ID,PLAYER2_NAME,PLAYER2_TEAM_ID,PLAYER2_TEAM_CITY,PLAYER2_TEAM_NICKNAME,PLAYER2_TEAM_ABBREVIATION,PERSON3TYPE,PLAYER3_ID,PLAYER3_NAME,PLAYER3_TEAM_ID,PLAYER3_TEAM_CITY,PLAYER3_TEAM_NICKNAME,PLAYER3_TEAM_ABBREVIATION,VIDEO_AVAILABLE_FLAG
1021100036,35,12,0,1,12:37 PM,10:00,,Start of 1st Period (12:37 PM EST),,,,0,0,,,,,,0,0,,,,,,0,0,,,,,,0
1021100036,36,10,0,1,12:39 PM,10:00,Jump Ball Jackson vs. Vaughn: Tip to Powell,,,,,4,201050,Tiffany Jackson,1611661321.0,Tulsa,Shock,TUL,5,201913,Kia Vaughn,1611661313.0,New York,Liberty,NYL,5,100919,Nicole Powell,1611661313.0,New York,Liberty,NYL,0
1021100036,37,2,1,1,12:39 PM,9:42,,,MISS Pondexter  3PT Jump Shot,,,5,200665,Cappie Pondexter,1611661313.0,New York,Liberty,NYL,0,0,,,,,,0,0,,,,,,0
1021100036,38,4,0,1,12:39 PM,9:41,,,Liberty Rebound,,,3,1611661313,,,,,,0,0,,,,,,0,0,,,,,,0
1021100036,39,1,1,1,12:40 PM,9:23,,,Pondexter 6' Jump Shot (2 PTS) (Mitchell 1 AST),2 - 0,-2,5,200665,Cappie Pondexter,1611661313.0,New York,Liberty,NYL,5,201507,Leilani Mitchell,1611661313.0,New York,Liberty,NYL,0,0,,,,,,0
1021100036,40,2,1,1,12:40 PM,9:05,MISS Lacy 19' Jump Shot,,,,,4,101080,Jennifer Lacy,1611661321.0,Tulsa,Shock,TUL,0,0,,,,,,0,0,,,,,,0
1021100036,41,4,0,1,12:40 PM,9:02,,,Powell REBOUND (Off:0 Def:1),,,5,100919,Nicole Powell,1611661313.0,New York,Liberty,NYL,0,0,,,,,,0,0,,,,,,0
1021100036,42,2,1,1,12:40 PM,8:53,,,MISS Powell  3PT Jump Shot,,,5,100919,Nicole Powell,1611661313.0,New York,Liberty,NYL,0,0,,,,,,0,0,,,,,,0
1021100036,43,4,0,1,12:40 PM,8:51,Lacy REBOUND (Off:0 Def:1),,,,,4,101080,Jennifer Lacy,1611661321.0,Tulsa,Shock,TUL,0,0,,,,,,0,0,,,,,,0
1021100036,44,2,5,1,12:41 PM,8:42,MISS Jackson 3' Layup,,Vaughn BLOCK (1 BLK),,,4,201050,Tiffany Jackson,1611661321.0,Tulsa,Shock,TUL,0,0,,,,,,5,201913,Kia Vaughn,1611661313.0,New York,Liberty,NYL,0
1021100036,45,4,0,1,12:41 PM,8:42,SHOCK Rebound,,,,,2,1611661321,,,,,,0,0,,,,,,0,0,,,,,,0
1021100036,46,6,1,1,12:41 PM,8:39,,,Pondexter P.FOUL (P1.T1),,,5,200665,Cappie Pondexter,1611661313.0,New York,Liberty,NYL,4,100072,Sheryl Swoopes,1611661321.0,Tulsa,Shock,TUL,1,0,,,,,,0
1021100036,47,1,46,1,12:41 PM,8:32,Latta 6' Running Jump Shot (2 PTS) (Swoopes 1 AST),,,2 - 2,TIE,4,201056,Ivory Latta,1611661321.0,Tulsa,Shock,TUL,4,100072,Sheryl Swoopes,1611661321.0,Tulsa,Shock,TUL,0,0,,,,,,0
1021100036,48,6,2,1,12:41 PM,8:32,,,Mitchell S.FOUL (P1.T2),,,5,201507,Leilani Mitchell,1611661313.0,New York,Liberty,NYL,4,201056,Ivory Latta,1611661321.0,Tulsa,Shock,TUL,1,0,,,,,,0
1021100036,49,3,10,1,12:42 PM,8:32,Latta Free Throw 1 of 1 (3 PTS),,,2 - 3,1,4,201056,Ivory Latta,1611661321.0,Tulsa,Shock,TUL,0,0,,,,,,0,0,,,,,,0
1021100036,51,6,1,1,12:42 PM,8:21,Jackson P.FOUL (P1.T1),,,,,4,201050,Tiffany Jackson,1611661321.0,Tulsa,Shock,TUL,5,201913,Kia Vaughn,1611661313.0,New York,Liberty,NYL,1,0,,,,,,0
1021100036,52,6,1,1,12:43 PM,8:12,Pedersen P.FOUL (P1.T2),,,,,4,202653,Kayla Pedersen,1611661321.0,Tulsa,Shock,TUL,5,200665,Cappie Pondexter,1611661313.0,New York,Liberty,NYL,1,0,,,,,,0
1021100036,53,1,5,1,12:43 PM,8:04,,,Pondexter 3' Layup (4 PTS) (Mitchell 2 AST),4 - 3,-1,5,200665,Cappie Pondexter,1611661313.0,New York,Liberty,NYL,5,201507,Leilani Mitchell,1611661313.0,New York,Liberty,NYL,0,0,,,,,,0
1021100036,54,2,1,1,12:43 PM,7:47,MISS Latta  3PT Jump Shot,,,,,4,201056,Ivory Latta,1611661321.0,Tulsa,Shock,TUL,0,0,,,,,,0,0,,,,,,0
1021100036,55,4,0,1,12:43 PM,7:43,,,Vaughn REBOUND (Off:0 Def:1),,,5,201913,Kia Vaughn,1611661313.0,New York,Liberty,NYL,0,0,,,,,,0,0,,,,,,0
1021100036,56,1,1,1,12:43 PM,7:38,,,Vaughn 4' Jump Shot (2 PTS) (Powell 1 AST),6 - 3,-3,5,201913,Kia Vaughn,1611661313.0,New York,Liberty,NYL,5,100919,Nicole Powell,1611661313.0,New York,Liberty,NYL,0,0,,,,,,0
1021100036,57,2,5,1,12:44 PM,7:25,MISS Pedersen 3' Layup,,Pierson BLOCK (1 BLK),,,4,202653,Kayla Pedersen,1611661321.0,Tulsa,Shock,TUL,0,0,,,,,,5,100888,Plenette Pierson,1611661313.0,New York,Liberty,NYL,0
1021100036,59,4,0,1,12:44 PM,7:22,Jackson REBOUND (Off:1 Def:0),,,,,4,201050,Tiffany Jackson,1611661321.0,Tulsa,Shock,TUL,0,0,,,,,,0,0,,,,,,0
1021100036,58,1,5,1,12:44 PM,7:22,Jackson 3' Layup (2 PTS),,,6 - 5,-1,4,201050,Tiffany Jackson,1611661321.0,Tulsa,Shock,TUL,0,0,,,,,,0,0,,,,,,0
1021100036,60,1,1,1,12:44 PM,7:05,,,Vaughn 11' Jump Shot (4 PTS) (Mitchell 3 AST),8 - 5,-3,5,201913,Kia Vaughn,1611661313.0,New York,Liberty,NYL,5,201507,Leilani Mitchell,1611661313.0,New York,Liberty,NYL,0,0,,,,,,0
1021100036,61,5,1,1,12:44 PM,6:58,Jackson Bad Pass Turnover (P1.T1),,,,,4,201050,Tiffany Jackson,1611661321.0,Tulsa,Shock,TUL,0,0,,,,,,1,0,,,,,,0
1021100036,62,2,1,1,12:44 PM,6:44,,,MISS Powell 19' Jump Shot,,,5,100919,Nicole Powell,1611661313.0,New York,Liberty,NYL,0,0,,,,,,0,0,,,,,,0
1021100036,64,4,0,1,12:45 PM,6:41,,,Vaughn REBOUND (Off:1 Def:1),,,5,201913,Kia Vaughn,1611661313.0,New York,Liberty,NYL,0,0,,,,,,0,0,,,,,,0
1021100036,63,1,5,1,12:45 PM,6:41,,,Vaughn 1' Layup (6 PTS),10 - 5,-5,5,201913,Kia Vaughn,1611661313.0,New York,Liberty,NYL,0,0,,,,,,0,0,,,,,,0
1021100036,65,2,1,1,12:45 PM,6:21,MISS Latta 12' Jump Shot,,,,,4,201056,Ivory Latta,1611661321.0,Tulsa,Shock,TUL,0,0,,,,,,0,0,,,,,,0
1021100036,67,4,0,1,12:45 PM,6:17,Lacy REBOUND (Off:1 Def:1),,,,,4,101080,Jennifer Lacy,1611661321.0,Tulsa,Shock,TUL,0,0,,,,,,0,0,,,,,,0
1021100036,66,1,5,1,12:45 PM,6:17,Lacy 2' Layup (2 PTS),,,10 - 7,-3,4,101080,Jennifer Lacy,1611661321.0,Tulsa,Shock,TUL,0,0,,,,,,0,0,,,,,,0
1021100036,68,2,1,1,12:45 PM,6:02,,,MISS Powell  3PT Jump Shot,,,5,100919,Nicole Powell,1611661313.0,New York,Liberty,NYL,0,0,,,,,,0,0,,,,,,0
1021100036,69,4,0,1,12:45 PM,6:02,,,Liberty Rebound,,,3,1611661313,,,,,,0,0,,,,,,0,0,,,,,,0
1021100036,70,8,0,1,12:45 PM,6:02,,,SUB: Carson FOR Powell,,,5,100919,Nicole Powell,1611661313.0,New York,Liberty,NYL,5,201502,Essence Carson,1611661313.0,New York,Liberty,NYL,0,0,,,,,,0
1021100036,71,8,0,1,12:45 PM,6:02,,,SUB: Breland FOR Pierson,,,5,100888,Plenette Pierson,1611661313.0,New York,Liberty,NYL,5,202638,Jessica Breland,1611661313.0,New York,Liberty,NYL,0,0,,,,,,0
1021100036,72,6,4,1,12:46 PM,5:56,,,Breland OFF.Foul (P1),,,5,202638,Jessica Breland,1611661313.0,New York,Liberty,NYL,4,100072,Sheryl Swoopes,1611661321.0,Tulsa,Shock,TUL,1,0,,,,,,0
1021100036,73,5,5,1,12:46 PM,5:56,,,Breland Foul Turnover (P1.T1),,,5,202638,Jessica Breland,1611661313.0,New York,Liberty,NYL,0,0,,,,,,1,0,,,,,,0
1021100036,74,2,1,1,12:46 PM,5:43,MISS Lacy 19' Jump Shot,,,,,4,101080,Jennifer Lacy,1611661321.0,Tulsa,Shock,TUL,0,0,,,,,,0,0,,,,,,0
1021100036,75,4,0,1,12:46 PM,5:43,SHOCK Rebound,,,,,2,1611661321,,,,,,0,0,,,,,,0,0,,,,,,0
1021100036,76,6,3,1,12:46 PM,5:43,,,Vaughn L.B.FOUL (P1.T3),,,5,201913,Kia Vaughn,1611661313.0,New York,Liberty,NYL,4,201050,Tiffany Jackson,1611661321.0,Tulsa,Shock,TUL,1,0,,,,,,0
1021100036,77,5,40,1,12:47 PM,5:30,Latta Out of Bounds Lost Ball Turnover (P1.T2),,,,,4,201056,Ivory Latta,1611661321.0,Tulsa,Shock,TUL,0,0,,,,,,1,0,,,,,,0
1021100036,78,2,1,1,12:47 PM,5:15,,,MISS Carson 12' Jump Shot,,,5,201502,Essence Carson,1611661313.0,New York,Liberty,NYL,0,0,,,,,,0,0,,,,,,0
1021100036,79,4,0,1,12:47 PM,5:13,Jackson REBOUND (Off:1 Def:1),,,,,4,201050,Tiffany Jackson,1611661321.0,Tulsa,Shock,TUL,0,0,,,,,,0,0,,,,,,0
1021100036,80,2,1,1,12:47 PM,5:08,MISS Pedersen 15' Jump Shot,,,,,4,202653,Kayla Pedersen,1611661321.0,Tulsa,Shock,TUL,0,0,,,,,,0,0,,,,,,0
1021100036,81,4,0,1,12:47 PM,5:05,,,Breland REBOUND (Off:0 Def:1),,,5,202638,Jessica Breland,1611661313.0,New York,Liberty,NYL,0,0,,,,,,0,0,,,,,,0
1021100036,82,1,5,1,12:47 PM,4:57,,,Vaughn 3' Layup (8 PTS) (Carson 1 AST),12 - 7,-5,5,201913,Kia Vaughn,1611661313.0,New York,Liberty,NYL,5,201502,Essence Carson,1611661313.0,New York,Liberty,NYL,0,0,,,,,,0
1021100036,83,6,2,1,12:47 PM,4:57,Lacy S.FOUL (P1.T3),,,,,4,101080,Jennifer Lacy,1611661321.0,Tulsa,Shock,TUL,5,201913,Kia Vaughn,1611661313.0,New York,Liberty,NYL,1,0,,,,,,0
1021100036,84,9,4,1,12:48 PM,4:57,,Timeout: Official,,,,1,0,,,,,,0,0,,,,,,0,0,,,,,,0
1021100036,86,8,0,1,12:49 PM,4:57,SUB: Cambage FOR Jackson,,,,,4,201050,Tiffany Jackson,1611661321.0,Tulsa,Shock,TUL,4,202633,Liz Cambage,1611661321.0,Tulsa,Shock,TUL,0,0,,,,,,0
1021100036,87,8,0,1,12:50 PM,4:57,SUB: Reed FOR Swoopes,,,,,4,100072,Sheryl Swoopes,1611661321.0,Tulsa,Shock,TUL,4,202665,Chastity Reed,1611661321.0,Tulsa,Shock,TUL,0,0,,,,,,0
1021100036,88,8,0,1,12:51 PM,4:57,SUB: Jackson FOR Lacy,,,,,4,101080,Jennifer Lacy,1611661321.0,Tulsa,Shock,TUL,4,201050,Tiffany Jackson,1611661321.0,Tulsa,Shock,TUL,0,0,,,,,,0
1021100036,89,3,10,1,12:51 PM,4:57,,,MISS Vaughn Free Throw 1 of 1,,,5,201913,Kia Vaughn,1611661313.0,New York,Liberty,NYL,0,0,,,,,,0,0,,,,,,0
1021100036,91,4,0,1,12:51 PM,4:55,Jackson REBOUND (Off:1 Def:2),,,,,4,201050,Tiffany Jackson,1611661321.0,Tulsa,Shock,TUL,0,0,,,,,,0,0,,,,,,0
1021100036,92,2,1,1,12:51 PM,4:44,MISS Reed 5' Jump Shot,,Breland BLOCK (1 BLK),,,4,202665,Chastity Reed,1611661321.0,Tulsa,Shock,TUL,0,0,,,,,,5,202638,Jessica Breland,1611661313.0,New York,Liberty,NYL,0
1021100036,93,4,0,1,12:51 PM,4:40,,,Breland REBOUND (Off:0 Def:2),,,5,202638,Jessica Breland,1611661313.0,New York,Liberty,NYL,0,0,,,,,,0,0,,,,,,0
1021100036,94,2,1,1,12:51 PM,4:34,,,MISS Mitchell 13' Jump Shot,,,5,201507,Leilani Mitchell,1611661313.0,New York,Liberty,NYL,0,0,,,,,,0,0,,,,,,0
1021100036,95,4,0,1,12:51 PM,4:31,,,Breland REBOUND (Off:1 Def:2),,,5,202638,Jessica Breland,1611661313.0,New York,Liberty,NYL,0,0,,,,,,0,0,,,,,,0
1021100036,97,5,2,1,12:52 PM,4:13,Pedersen STEAL (1 STL),,Breland Lost Ball Turnover (P2.T2),,,5,202638,Jessica Breland,1611661313.0,New York,Liberty,NYL,4,202653,Kayla Pedersen,1611661321.0,Tulsa,Shock,TUL,0,0,,,,,,0
1021100036,96,10,0,1,12:52 PM,4:13,Jump Ball Pedersen vs. Breland: Tip to Latta,,,,,4,202653,Kayla Pedersen,1611661321.0,Tulsa,Shock,TUL,5,202638,Jessica Breland,1611661313.0,New York,Liberty,NYL,4,201056,Ivory Latta,1611661321.0,Tulsa,Shock,TUL,0
1021100036,140,2,45,1,12:52 PM,3:58,MISS Latta 10' Jump Shot,,,,,4,201056,Ivory Latta,1611661321.0,Tulsa,Shock,TUL,0,0,,,,,,0,0,,,,,,0
1021100036,98,4,0,1,12:52 PM,3:58,,,Vaughn REBOUND (Off:1 Def:2),,,5,201913,Kia Vaughn,1611661313.0,New York,Liberty,NYL,0,0,,,,,,0,0,,,,,,0
1021100036,99,6,1,1,12:52 PM,3:48,Pedersen P.FOUL (P2.T4),,,,,4,202653,Kayla Pedersen,1611661321.0,Tulsa,Shock,TUL,5,201502,Essence Carson,1611661313.0,New York,Liberty,NYL,1,0,,,,,,0
1021100036,100,8,0,1,12:53 PM,3:48,,,SUB: Hollingsworth FOR Breland,,,5,202638,Jessica Breland,1611661313.0,New York,Liberty,NYL,5,201895,Quanitra Hollingsworth,1611661313.0,New York,Liberty,NYL,0,0,,,,,,0
1021100036,101,2,1,1,12:53 PM,3:33,,,MISS Carson  3PT Jump Shot,,,5,201502,Essence Carson,1611661313.0,New York,Liberty,NYL,0,0,,,,,,0,0,,,,,,0
1021100036,102,4,0,1,12:53 PM,3:30,Jackson REBOUND (Off:1 Def:3),,,,,4,201050,Tiffany Jackson,1611661321.0,Tulsa,Shock,TUL,0,0,,,,,,0,0,,,,,,0
1021100036,103,1,5,1,12:53 PM,3:26,Pedersen 2' Layup (2 PTS) (Latta 1 AST),,,12 - 9,-3,4,202653,Kayla Pedersen,1611661321.0,Tulsa,Shock,TUL,4,201056,Ivory Latta,1611661321.0,Tulsa,Shock,TUL,0,0,,,,,,0
1021100036,104,1,1,1,12:53 PM,3:06,,,Mitchell 6' Jump Shot (2 PTS),14 - 9,-5,5,201507,Leilani Mitchell,1611661313.0,New York,Liberty,NYL,0,0,,,,,,0,0,,,,,,0
1021100036,105,6,2,1,12:54 PM,2:47,,,Hollingsworth S.FOUL (P1.T4),,,5,201895,Quanitra Hollingsworth,1611661313.0,New York,Liberty,NYL,4,201050,Tiffany Jackson,1611661321.0,Tulsa,Shock,TUL,1,0,,,,,,0
1021100036,106,3,11,1,12:54 PM,2:47,Jackson Free Throw 1 of 2 (3 PTS),,,14 - 10,-4,4,201050,Tiffany Jackson,1611661321.0,Tulsa,Shock,TUL,0,0,,,,,,0,0,,,,,,0
1021100036,108,8,0,1,12:54 PM,2:47,,,SUB: Powell FOR Pondexter,,,5,200665,Cappie Pondexter,1611661313.0,New York,Liberty,NYL,5,100919,Nicole Powell,1611661313.0,New York,Liberty,NYL,0,0,,,,,,0
1021100036,109,8,0,1,12:54 PM,2:47,,,SUB: Pierson FOR Vaughn,,,5,201913,Kia Vaughn,1611661313.0,New York,Liberty,NYL,5,100888,Plenette Pierson,1611661313.0,New York,Liberty,NYL,0,0,,,,,,0
1021100036,110,3,12,1,12:54 PM,2:47,MISS Jackson Free Throw 2 of 2,,,,,4,201050,Tiffany Jackson,1611661321.0,Tulsa,Shock,TUL,0,0,,,,,,0,0,,,,,,0
1021100036,112,4,0,1,12:55 PM,2:45,,,Powell REBOUND (Off:0 Def:2),,,5,100919,Nicole Powell,1611661313.0,New York,Liberty,NYL,0,0,,,,,,0,0,,,,,,0
1021100036,113,1,66,1,12:55 PM,2:26,,,Carson 6' Jump Bank Shot (2 PTS),16 - 10,-6,5,201502,Essence Carson,1611661313.0,New York,Liberty,NYL,0,0,,,,,,0,0,,,,,,0
1021100036,114,2,1,1,12:55 PM,2:09,MISS Reed 14' Jump Shot,,,,,4,202665,Chastity Reed,1611661321.0,Tulsa,Shock,TUL,0,0,,,,,,0,0,,,,,,0
1021100036,115,4,0,1,12:55 PM,2:08,,,Liberty Rebound,,,3,1611661313,,,,,,0,0,,,,,,0,0,,,,,,0
1021100036,116,5,1,1,12:56 PM,1:56,,,Powell Bad Pass Turnover (P1.T3),,,5,100919,Nicole Powell,1611661313.0,New York,Liberty,NYL,0,0,,,,,,1,0,,,,,,0
1021100036,117,8,0,1,12:56 PM,1:56,SUB: Jones FOR Reed,,,,,4,202665,Chastity Reed,1611661321.0,Tulsa,Shock,TUL,4,100887,Marion Jones,1611661321.0,Tulsa,Shock,TUL,0,0,,,,,,0
1021100036,118,6,4,1,12:56 PM,1:35,Latta OFF.Foul (P1),,,,,4,201056,Ivory Latta,1611661321.0,Tulsa,Shock,TUL,5,201895,Quanitra Hollingsworth,1611661313.0,New York,Liberty,NYL,1,0,,,,,,0
1021100036,119,5,5,1,12:56 PM,1:35,Latta Foul Turnover (P2.T3),,,,,4,201056,Ivory Latta,1611661321.0,Tulsa,Shock,TUL,0,0,,,,,,1,0,,,,,,0
1021100036,121,1,5,1,12:57 PM,1:14,,,Powell 2' Layup (2 PTS) (Pierson 1 AST),18 - 10,-8,5,100919,Nicole Powell,1611661313.0,New York,Liberty,NYL,5,100888,Plenette Pierson,1611661313.0,New York,Liberty,NYL,0,0,,,,,,0
1021100036,122,6,1,1,12:57 PM,1:10,,,Pierson P.FOUL (P1.PN),,,5,100888,Plenette Pierson,1611661313.0,New York,Liberty,NYL,4,202653,Kayla Pedersen,1611661321.0,Tulsa,Shock,TUL,1,0,,,,,,0
1021100036,123,8,0,1,12:57 PM,1:10,,,SUB: Pondexter FOR Mitchell,,,5,201507,Leilani Mitchell,1611661313.0,New York,Liberty,NYL,5,200665,Cappie Pondexter,1611661313.0,New York,Liberty,NYL,0,0,,,,,,0
1021100036,124,3,11,1,12:58 PM,1:10,Pedersen Free Throw 1 of 2 (3 PTS),,,18 - 11,-7,4,202653,Kayla Pedersen,1611661321.0,Tulsa,Shock,TUL,0,0,,,,,,0,0,,,,,,0
1021100036,126,3,12,1,12:58 PM,1:10,Pedersen Free Throw 2 of 2 (4 PTS),,,18 - 12,-6,4,202653,Kayla Pedersen,1611661321.0,Tulsa,Shock,TUL,0,0,,,,,,0,0,,,,,,0
1021100036,128,1,3,1,12:58 PM,0:55,,,Pierson 4' Hook Shot (2 PTS),20 - 12,-8,5,100888,Plenette Pierson,1611661313.0,New York,Liberty,NYL,0,0,,,,,,0,0,,,,,,0
1021100036,129,5,1,1,12:58 PM,0:38,Jackson Bad Pass Turnover (P2.T4),,Pondexter STEAL (1 STL),,,4,201050,Tiffany Jackson,1611661321.0,Tulsa,Shock,TUL,5,200665,Cappie Pondexter,1611661313.0,New York,Liberty,NYL,0,0,,,,,,0
1021100036,131,1,5,1,12:58 PM,0:34,,,Hollingsworth 3' Layup (2 PTS),22 - 12,-10,5,201895,Quanitra Hollingsworth,1611661313.0,New York,Liberty,NYL,0,0,,,,,,0,0,,,,,,0
1021100036,132,6,2,1,12:58 PM,0:34,Jones S.FOUL (P1.PN),,,,,4,100887,Marion Jones,1611661321.0,Tulsa,Shock,TUL,5,201895,Quanitra Hollingsworth,1611661313.0,New York,Liberty,NYL,1,0,,,,,,0
1021100036,133,3,10,1,12:59 PM,0:34,,,MISS Hollingsworth Free Throw 1 of 1,,,5,201895,Quanitra Hollingsworth,1611661313.0,New York,Liberty,NYL,0,0,,,,,,0,0,,,,,,0
1021100036,135,4,0,1,12:59 PM,0:32,,,Powell REBOUND (Off:1 Def:2),,,5,100919,Nicole Powell,1611661313.0,New York,Liberty,NYL,0,0,,,,,,0,0,,,,,,0
1021100036,136,1,5,1,12:59 PM,0:12,,,Carson 3' Layup (4 PTS) (Pondexter 1 AST),24 - 12,-12,5,201502,Essence Carson,1611661313.0,New York,Liberty,NYL,5,200665,Cappie Pondexter,1611661313.0,New York,Liberty,NYL,0,0,,,,,,0
1021100036,137,1,1,1,12:59 PM,0:01,Latta 10' Jump Shot (5 PTS),,,24 - 14,-10,4,201056,Ivory Latta,1611661321.0,Tulsa,Shock,TUL,0,0,,,,,,0,0,,,,,,0
1021100036,138,13,0,1,1:00 PM,0:00,,End of 1st Period (1:00 PM EST),,24 - 14,-10,0,0,,,,,,0,0,,,,,,0,0,,,,,,0
1021100036,141,12,0,2,1:04 PM,10:00,,Start of 2nd Period (1:04 PM EST),,24 - 14,-10,0,0,,,,,,0,0,,,,,,0,0,,,,,,0
1021100036,142,1,5,2,1:04 PM,9:37,Lacy 3' Layup (4 PTS) (Jackson 1 AST),,,24 - 16,-8,4,101080,Jennifer Lacy,1611661321.0,Tulsa,Shock,TUL,4,201050,Tiffany Jackson,1611661321.0,Tulsa,Shock,TUL,0,0,,,,,,0
1021100036,143,6,2,2,1:05 PM,9:18,Lacy S.FOUL (P2.T1),,,,,4,101080,Jennifer Lacy,1611661321.0,Tulsa,Shock,TUL,5,100919,Nicole Powell,1611661313.0,New York,Liberty,NYL,1,0,,,,,,0
1021100036,144,3,11,2,1:05 PM,9:18,,,Powell Free Throw 1 of 2 (3 PTS),25 - 16,-9,5,100919,Nicole Powell,1611661313.0,New York,Liberty,NYL,0,0,,,,,,0,0,,,,,,0
1021100036,146,3,12,2,1:05 PM,9:18,,,Powell Free Throw 2 of 2 (4 PTS),26 - 16,-10,5,100919,Nicole Powell,1611661313.0,New York,Liberty,NYL,0,0,,,,,,0,0,,,,,,0
1021100036,148,2,1,2,1:05 PM,9:03,MISS Riley  3PT Jump Shot,,,,,4,202315,Andrea Riley,1611661321.0,Tulsa,Shock,TUL,0,0,,,,,,0,0,,,,,,0
1021100036,149,4,0,2,1:06 PM,9:00,,,Pierson REBOUND (Off:0 Def:1),,,5,100888,Plenette Pierson,1611661313.0,New York,Liberty,NYL,0,0,,,,,,0,0,,,,,,0
1021100036,150,5,4,2,1:06 PM,8:56,,,Carson Traveling Turnover (P1.T4),,,5,201502,Essence Carson,1611661313.0,New York,Liberty,NYL,0,0,,,,,,1,0,,,,,,0
1021100036,151,8,0,2,1:06 PM,8:56,,,SUB: Breland FOR Hollingsworth,,,5,201895,Quanitra Hollingsworth,1611661313.0,New York,Liberty,NYL,5,202638,Jessica Breland,1611661313.0,New York,Liberty,NYL,0,0,,,,,,0
1021100036,152,1,1,2,1:06 PM,8:37,Jackson 8' Jump Shot (5 PTS) (Pedersen 1 AST),,,26 - 18,-8,4,201050,Tiffany Jackson,1611661321.0,Tulsa,Shock,TUL,4,202653,Kayla Pedersen,1611661321.0,Tulsa,Shock,TUL,0,0,,,,,,0
1021100036,153,2,1,2,1:06 PM,8:27,,,MISS Breland 17' Jump Shot,,,5,202638,Jessica Breland,1611661313.0,New York,Liberty,NYL,0,0,,,,,,0,0,,,,,,0
1021100036,154,4,0,2,1:06 PM,8:25,,,Pierson REBOUND (Off:1 Def:1),,,5,100888,Plenette Pierson,1611661313.0,New York,Liberty,NYL,0,0,,,,,,0,0,,,,,,0
1021100036,155,2,1,2,1:06 PM,8:22,,,MISS Pondexter  3PT Jump Shot,,,5,200665,Cappie Pondexter,1611661313.0,New York,Liberty,NYL,0,0,,,,,,0,0,,,,,,0
1021100036,156,4,0,2,1:07 PM,8:20,Jackson REBOUND (Off:1 Def:4),,,,,4,201050,Tiffany Jackson,1611661321.0,Tulsa,Shock,TUL,0,0,,,,,,0,0,,,,,,0
1021100036,157,2,1,2,1:07 PM,8:15,MISS Riley  3PT Jump Shot,,,,,4,202315,Andrea Riley,1611661321.0,Tulsa,Shock,TUL,0,0,,,,,,0,0,,,,,,0
1021100036,158,4,0,2,1:07 PM,8:13,,,Carson REBOUND (Off:0 Def:1),,,5,201502,Essence Carson,1611661313.0,New York,Liberty,NYL,0,0,,,,,,0,0,,,,,,0
1021100036,159,1,1,2,1:07 PM,8:02,,,Pierson 4' Jump Shot (4 PTS),28 - 18,-10,5,100888,Plenette Pierson,1611661313.0,New York,Liberty,NYL,0,0,,,,,,0,0,,,,,,0
1021100036,160,1,1,2,1:07 PM,7:44,Pedersen  3PT Jump Shot (7 PTS) (Jones 1 AST),,,28 - 21,-7,4,202653,Kayla Pedersen,1611661321.0,Tulsa,Shock,TUL,4,100887,Marion Jones,1611661321.0,Tulsa,Shock,TUL,0,0,,,,,,0
1021100036,161,1,5,2,1:08 PM,7:18,,,Pierson 2' Layup (6 PTS) (Pondexter 2 AST),30 - 21,-9,5,100888,Plenette Pierson,1611661313.0,New York,Liberty,NYL,5,200665,Cappie Pondexter,1611661313.0,New York,Liberty,NYL,0,0,,,,,,0
1021100036,162,9,1,2,1:08 PM,7:08,SHOCK Timeout: Regular (Full 1 Short 0),,,,,2,1611661321,,,,,,0,0,,,,,,0,0,,,,,,0
1021100036,164,8,0,2,1:10 PM,7:08,SUB: Latta FOR Riley,,,,,4,202315,Andrea Riley,1611661321.0,Tulsa,Shock,TUL,4,201056,Ivory Latta,1611661321.0,Tulsa,Shock,TUL,0,0,,,,,,0
1021100036,165,8,0,2,1:10 PM,7:08,,,SUB: Hollingsworth FOR Pierson,,,5,100888,Plenette Pierson,1611661313.0,New York,Liberty,NYL,5,201895,Quanitra Hollingsworth,1611661313.0,New York,Liberty,NYL,0,0,,,,,,0
1021100036,166,8,0,2,1:10 PM,7:08,,,SUB: Vaughn FOR Carson,,,5,201502,Essence Carson,1611661313.0,New York,Liberty,NYL,5,201913,Kia Vaughn,1611661313.0,New York,Liberty,NYL,0,0,,,,,,0
1021100036,167,8,0,2,1:10 PM,7:08,,,SUB: Mitchell FOR Breland,,,5,202638,Jessica Breland,1611661313.0,New York,Liberty,NYL,5,201507,Leilani Mitchell,1611661313.0,New York,Liberty,NYL,0,0,,,,,,0
1021100036,168,2,1,2,1:11 PM,6:52,MISS Jones  3PT Jump Shot,,,,,4,100887,Marion Jones,1611661321.0,Tulsa,Shock,TUL,0,0,,,,,,0,0,,,,,,0
1021100036,169,4,0,2,1:11 PM,6:52,,,Liberty Rebound,,,3,1611661313,,,,,,0,0,,,,,,0,0,,,,,,0
1021100036,170,2,1,2,1:11 PM,6:35,,,MISS Hollingsworth 5' Jump Shot,,,5,201895,Quanitra Hollingsworth,1611661313.0,New York,Liberty,NYL,0,0,,,,,,0,0,,,,,,0
1021100036,171,4,0,2,1:11 PM,6:31,Pedersen REBOUND (Off:0 Def:1),,,,,4,202653,Kayla Pedersen,1611661321.0,Tulsa,Shock,TUL,0,0,,,,,,0,0,,,,,,0
1021100036,172,1,5,2,1:12 PM,6:21,Latta 3' Layup (7 PTS),,,30 - 23,-7,4,201056,Ivory Latta,1611661321.0,Tulsa,Shock,TUL,0,0,,,,,,0,0,,,,,,0
1021100036,173,2,1,2,1:12 PM,6:05,,,MISS Pondexter  3PT Jump Shot,,,5,200665,Cappie Pondexter,1611661313.0,New York,Liberty,NYL,0,0,,,,,,0,0,,,,,,0
1021100036,174,4,0,2,1:12 PM,6:05,SHOCK Rebound,,,,,2,1611661321,,,,,,0,0,,,,,,0,0,,,,,,0
1021100036,175,6,3,2,1:12 PM,6:05,,,Hollingsworth L.B.FOUL (P2.T1),,,5,201895,Quanitra Hollingsworth,1611661313.0,New York,Liberty,NYL,4,201050,Tiffany Jackson,1611661321.0,Tulsa,Shock,TUL,1,0,,,,,,0
1021100036,176,8,0,2,1:12 PM,6:05,,,SUB: Montgomery FOR Powell,,,5,100919,Nicole Powell,1611661313.0,New York,Liberty,NYL,5,202652,Alex Montgomery,1611661313.0,New York,Liberty,NYL,0,0,,,,,,0
1021100036,177,5,4,2,1:12 PM,5:50,Jackson Traveling Turnover (P3.T5),,,,,4,201050,Tiffany Jackson,1611661321.0,Tulsa,Shock,TUL,0,0,,,,,,1,0,,,,,,0
1021100036,178,1,1,2,1:13 PM,5:27,,,Montgomery 19' Jump Shot (2 PTS) (Hollingsworth 1 AST),32 - 23,-9,5,202652,Alex Montgomery,1611661313.0,New York,Liberty,NYL,5,201895,Quanitra Hollingsworth,1611661313.0,New York,Liberty,NYL,0,0,,,,,,0
1021100036,179,2,1,2,1:13 PM,5:17,MISS Latta 15' Jump Shot,,,,,4,201056,Ivory Latta,1611661321.0,Tulsa,Shock,TUL,0,0,,,,,,0,0,,,,,,0
1021100036,180,4,0,2,1:13 PM,5:15,,,Montgomery REBOUND (Off:0 Def:1),,,5,202652,Alex Montgomery,1611661313.0,New York,Liberty,NYL,0,0,,,,,,0,0,,,,,,0
1021100036,181,2,1,2,1:13 PM,5:00,,,MISS Mitchell  3PT Jump Shot,,,5,201507,Leilani Mitchell,1611661313.0,New York,Liberty,NYL,0,0,,,,,,0,0,,,,,,0
1021100036,182,4,0,2,1:14 PM,4:59,,,Montgomery REBOUND (Off:1 Def:1),,,5,202652,Alex Montgomery,1611661313.0,New York,Liberty,NYL,0,0,,,,,,0,0,,,,,,0
1021100036,183,6,1,2,1:14 PM,4:59,Jones P.FOUL (P2.T2),,,,,4,100887,Marion Jones,1611661321.0,Tulsa,Shock,TUL,5,202652,Alex Montgomery,1611661313.0,New York,Liberty,NYL,1,0,,,,,,0
1021100036,184,8,0,2,1:14 PM,4:59,SUB: Swoopes FOR Jones,,,,,4,100887,Marion Jones,1611661321.0,Tulsa,Shock,TUL,4,100072,Sheryl Swoopes,1611661321.0,Tulsa,Shock,TUL,0,0,,,,,,0
1021100036,185,6,4,2,1:14 PM,4:41,,,Mitchell OFF.Foul (P2),,,5,201507,Leilani Mitchell,1611661313.0,New York,Liberty,NYL,4,201056,Ivory Latta,1611661321.0,Tulsa,Shock,TUL,1,0,,,,,,0
1021100036,186,5,5,2,1:14 PM,4:41,,,Mitchell Foul Turnover (P1.T5),,,5,201507,Leilani Mitchell,1611661313.0,New York,Liberty,NYL,0,0,,,,,,1,0,,,,,,0
1021100036,187,1,5,2,1:15 PM,4:21,Swoopes 2' Layup (2 PTS) (Latta 2 AST),,,32 - 25,-7,4,100072,Sheryl Swoopes,1611661321.0,Tulsa,Shock,TUL,4,201056,Ivory Latta,1611661321.0,Tulsa,Shock,TUL,0,0,,,,,,0
1021100036,188,1,5,2,1:15 PM,4:14,,,Mitchell 2' Layup (4 PTS),34 - 25,-9,5,201507,Leilani Mitchell,1611661313.0,New York,Liberty,NYL,0,0,,,,,,0,0,,,,,,0
1021100036,189,6,2,2,1:15 PM,4:14,Pedersen S.FOUL (P3.T3),,,,,4,202653,Kayla Pedersen,1611661321.0,Tulsa,Shock,TUL,5,201507,Leilani Mitchell,1611661313.0,New York,Liberty,NYL,1,0,,,,,,0
1021100036,190,3,10,2,1:15 PM,4:14,,,MISS Mitchell Free Throw 1 of 1,,,5,201507,Leilani Mitchell,1611661313.0,New York,Liberty,NYL,0,0,,,,,,0,0,,,,,,0
1021100036,192,4,0,2,1:16 PM,4:13,,,Vaughn REBOUND (Off:2 Def:2),,,5,201913,Kia Vaughn,1611661313.0,New York,Liberty,NYL,0,0,,,,,,0,0,,,,,,0
1021100036,193,1,5,2,1:16 PM,4:09,,,Vaughn 3' Layup (10 PTS),36 - 25,-11,5,201913,Kia Vaughn,1611661313.0,New York,Liberty,NYL,0,0,,,,,,0,0,,,,,,0
1021100036,194,6,1,2,1:16 PM,3:52,,,Mitchell P.FOUL (P3.T2),,,5,201507,Leilani Mitchell,1611661313.0,New York,Liberty,NYL,4,201056,Ivory Latta,1611661321.0,Tulsa,Shock,TUL,1,0,,,,,,0
1021100036,195,8,0,2,1:16 PM,3:52,SUB: Cambage FOR Pedersen,,,,,4,202653,Kayla Pedersen,1611661321.0,Tulsa,Shock,TUL,4,202633,Liz Cambage,1611661321.0,Tulsa,Shock,TUL,0,0,,,,,,0
1021100036,196,8,0,2,1:16 PM,3:52,,,SUB: Carson FOR Mitchell,,,5,201507,Leilani Mitchell,1611661313.0,New York,Liberty,NYL,5,201502,Essence Carson,1611661313.0,New York,Liberty,NYL,0,0,,,,,,0
1021100036,197,1,1,2,1:17 PM,3:40,Swoopes 13' Jump Shot (4 PTS) (Jackson 2 AST),,,36 - 27,-9,4,100072,Sheryl Swoopes,1611661321.0,Tulsa,Shock,TUL,4,201050,Tiffany Jackson,1611661321.0,Tulsa,Shock,TUL,0,0,,,,,,0
1021100036,198,6,1,2,1:17 PM,3:30,Latta P.FOUL (P2.T4),,,,,4,201056,Ivory Latta,1611661321.0,Tulsa,Shock,TUL,5,201502,Essence Carson,1611661313.0,New York,Liberty,NYL,1,0,,,,,,0
1021100036,199,1,1,2,1:17 PM,3:26,,,Pondexter 19' Jump Shot (6 PTS) (Carson 2 AST),38 - 27,-11,5,200665,Cappie Pondexter,1611661313.0,New York,Liberty,NYL,5,201502,Essence Carson,1611661313.0,New York,Liberty,NYL,0,0,,,,,,0
1021100036,200,6,2,2,1:17 PM,3:14,,,Hollingsworth S.FOUL (P3.T3),,,5,201895,Quanitra Hollingsworth,1611661313.0,New York,Liberty,NYL,4,201050,Tiffany Jackson,1611661321.0,Tulsa,Shock,TUL,1,0,,,,,,0
1021100036,201,3,11,2,1:18 PM,3:14,Jackson Free Throw 1 of 2 (6 PTS),,,38 - 28,-10,4,201050,Tiffany Jackson,1611661321.0,Tulsa,Shock,TUL,0,0,,,,,,0,0,,,,,,0
1021100036,203,8,0,2,1:18 PM,3:14,,,SUB: Pierson FOR Hollingsworth,,,5,201895,Quanitra Hollingsworth,1611661313.0,New York,Liberty,NYL,5,100888,Plenette Pierson,1611661313.0,New York,Liberty,NYL,0,0,,,,,,0
1021100036,204,3,12,2,1:18 PM,3:14,MISS Jackson Free Throw 2 of 2,,,,,4,201050,Tiffany Jackson,1611661321.0,Tulsa,Shock,TUL,0,0,,,,,,0,0,,,,,,0
1021100036,206,4,0,2,1:18 PM,3:13,,,Vaughn REBOUND (Off:2 Def:3),,,5,201913,Kia Vaughn,1611661313.0,New York,Liberty,NYL,0,0,,,,,,0,0,,,,,,0
1021100036,207,2,1,2,1:19 PM,2:52,,,MISS Pondexter 15' Jump Shot,,,5,200665,Cappie Pondexter,1611661313.0,New York,Liberty,NYL,0,0,,,,,,0,0,,,,,,0
1021100036,208,4,0,2,1:19 PM,2:50,Swoopes REBOUND (Off:0 Def:1),,,,,4,100072,Sheryl Swoopes,1611661321.0,Tulsa,Shock,TUL,0,0,,,,,,0,0,,,,,,0
1021100036,209,6,2,2,1:19 PM,2:38,,,Carson S.FOUL (P1.T4),,,5,201502,Essence Carson,1611661313.0,New York,Liberty,NYL,4,201056,Ivory Latta,1611661321.0,Tulsa,Shock,TUL,1,0,,,,,,0
1021100036,210,9,1,2,1:19 PM,2:38,,,Liberty Timeout: Regular (Reg.1 Short 0),,,3,1611661313,,,,,,0,0,,,,,,0,0,,,,,,0
1021100036,212,3,11,2,1:22 PM,2:38,MISS Latta Free Throw 1 of 2,,,,,4,201056,Ivory Latta,1611661321.0,Tulsa,Shock,TUL,0,0,,,,,,0,0,,,,,,0
1021100036,213,4,1,2,1:22 PM,2:38,SHOCK Rebound,,,,,2,1611661321,,,,,,0,0,,,,,,0,0,,,,,,0
1021100036,214,3,12,2,1:23 PM,2:38,MISS Latta Free Throw 2 of 2,,,,,4,201056,Ivory Latta,1611661321.0,Tulsa,Shock,TUL,0,0,,,,,,0,0,,,,,,0
1021100036,216,4,0,2,1:23 PM,2:37,,,Montgomery REBOUND (Off:1 Def:2),,,5,202652,Alex Montgomery,1611661313.0,New York,Liberty,NYL,0,0,,,,,,0,0,,,,,,0
1021100036,217,2,1,2,1:23 PM,2:23,Cambage BLOCK (1 BLK),,MISS Carson 5' Jump Shot,,,5,201502,Essence Carson,1611661313.0,New York,Liberty,NYL,0,0,,,,,,4,202633,Liz Cambage,1611661321.0,Tulsa,Shock,TUL,0
1021100036,218,4,0,2,1:23 PM,2:23,Cambage REBOUND (Off:0 Def:1),,,,,4,202633,Liz Cambage,1611661321.0,Tulsa,Shock,TUL,0,0,,,,,,0,0,,,,,,0
1021100036,219,6,1,2,1:23 PM,2:23,,,Carson P.FOUL (P2.PN),,,5,201502,Essence Carson,1611661313.0,New York,Liberty,NYL,4,202633,Liz Cambage,1611661321.0,Tulsa,Shock,TUL,1,0,,,,,,0
1021100036,220,3,11,2,1:23 PM,2:23,Cambage Free Throw 1 of 2 (1 PTS),,,38 - 29,-9,4,202633,Liz Cambage,1611661321.0,Tulsa,Shock,TUL,0,0,,,,,,0,0,,,,,,0
1021100036,222,3,12,2,1:24 PM,2:23,Cambage Free Throw 2 of 2 (2 PTS),,,38 - 30,-8,4,202633,Liz Cambage,1611661321.0,Tulsa,Shock,TUL,0,0,,,,,,0,0,,,,,,0
1021100036,224,5,4,2,1:24 PM,2:19,,,Pierson Traveling Turnover (P1.T6),,,5,100888,Plenette Pierson,1611661313.0,New York,Liberty,NYL,0,0,,,,,,1,0,,,,,,0
1021100036,225,2,1,2,1:24 PM,2:11,MISS Lacy  3PT Jump Shot,,,,,4,101080,Jennifer Lacy,1611661321.0,Tulsa,Shock,TUL,0,0,,,,,,0,0,,,,,,0
1021100036,226,4,0,2,1:24 PM,2:08,Jackson REBOUND (Off:2 Def:4),,,,,4,201050,Tiffany Jackson,1611661321.0,Tulsa,Shock,TUL,0,0,,,,,,0,0,,,,,,0
1021100036,227,2,1,2,1:24 PM,1:55,MISS Latta 6' Jump Shot,,,,,4,201056,Ivory Latta,1611661321.0,Tulsa,Shock,TUL,0,0,,,,,,0,0,,,,,,0
1021100036,228,4,0,2,1:24 PM,1:52,,,Pondexter REBOUND (Off:0 Def:1),,,5,200665,Cappie Pondexter,1611661313.0,New York,Liberty,NYL,0,0,,,,,,0,0,,,,,,0
1021100036,229,2,1,2,1:25 PM,1:47,,,MISS Pierson 16' Jump Shot,,,5,100888,Plenette Pierson,1611661313.0,New York,Liberty,NYL,0,0,,,,,,0,0,,,,,,0
1021100036,230,4,0,2,1:25 PM,1:44,Latta REBOUND (Off:0 Def:1),,,,,4,201056,Ivory Latta,1611661321.0,Tulsa,Shock,TUL,0,0,,,,,,0,0,,,,,,0
1021100036,231,2,1,2,1:25 PM,1:40,MISS Swoopes 15' Jump Shot,,,,,4,100072,Sheryl Swoopes,1611661321.0,Tulsa,Shock,TUL,0,0,,,,,,0,0,,,,,,0
1021100036,232,4,0,2,1:25 PM,1:38,,,Pierson REBOUND (Off:1 Def:2),,,5,100888,Plenette Pierson,1611661313.0,New York,Liberty,NYL,0,0,,,,,,0,0,,,,,,0
1021100036,233,2,1,2,1:26 PM,1:22,,,MISS Carson 15' Jump Shot,,,5,201502,Essence Carson,1611661313.0,New York,Liberty,NYL,0,0,,,,,,0,0,,,,,,0
1021100036,235,4,0,2,1:26 PM,1:19,,,Vaughn REBOUND (Off:3 Def:3),,,5,201913,Kia Vaughn,1611661313.0,New York,Liberty,NYL,0,0,,,,,,0,0,,,,,,0
1021100036,234,1,5,2,1:26 PM,1:19,,,Vaughn 3' Layup (12 PTS),40 - 30,-10,5,201913,Kia Vaughn,1611661313.0,New York,Liberty,NYL,0,0,,,,,,0,0,,,,,,0
1021100036,236,1,5,2,1:26 PM,1:11,Cambage 3' Layup (4 PTS) (Latta 3 AST),,,40 - 32,-8,4,202633,Liz Cambage,1611661321.0,Tulsa,Shock,TUL,4,201056,Ivory Latta,1611661321.0,Tulsa,Shock,TUL,0,0,,,,,,0
1021100036,237,6,4,2,1:26 PM,0:51,,,Vaughn OFF.Foul (P2),,,5,201913,Kia Vaughn,1611661313.0,New York,Liberty,NYL,4,201056,Ivory Latta,1611661321.0,Tulsa,Shock,TUL,1,0,,,,,,0
1021100036,238,5,5,2,1:26 PM,0:51,,,Vaughn Foul Turnover (P1.T7),,,5,201913,Kia Vaughn,1611661313.0,New York,Liberty,NYL,0,0,,,,,,1,0,,,,,,0
1021100036,239,5,1,2,1:27 PM,0:43,Latta Bad Pass Turnover (P3.T6),,,,,4,201056,Ivory Latta,1611661321.0,Tulsa,Shock,TUL,0,0,,,,,,1,0,,,,,,0
1021100036,240,1,1,2,1:27 PM,0:33,,,Pondexter  3PT Jump Shot (9 PTS) (Carson 3 AST),43 - 32,-11,5,200665,Cappie Pondexter,1611661313.0,New York,Liberty,NYL,5,201502,Essence Carson,1611661313.0,New York,Liberty,NYL,0,0,,,,,,0
1021100036,241,5,1,2,1:27 PM,0:25,Jackson Bad Pass Turnover (P4.T7),,,,,4,201050,Tiffany Jackson,1611661321.0,Tulsa,Shock,TUL,0,0,,,,,,1,0,,,,,,0
1021100036,242,1,1,2,1:28 PM,0:05,,,Montgomery  3PT Jump Shot (5 PTS) (Pondexter 3 AST),46 - 32,-14,5,202652,Alex Montgomery,1611661313.0,New York,Liberty,NYL,5,200665,Cappie Pondexter,1611661313.0,New York,Liberty,NYL,0,0,,,,,,0
1021100036,243,2,1,2,1:28 PM,0:00,MISS Latta  3PT Jump Shot,,,,,4,201056,Ivory Latta,1611661321.0,Tulsa,Shock,TUL,0,0,,,,,,0,0,,,,,,0
1021100036,244,4,0,2,1:28 PM,0:00,SHOCK Rebound,,,,,2,1611661321,,,,,,0,0,,,,,,0,0,,,,,,0
1021100036,245,13,0,2,1:28 PM,0:00,,End of 2nd Period (1:28 PM EST),,46 - 32,-14,0,0,,,,,,0,0,,,,,,0,0,,,,,,0
1021100036,247,12,0,3,1:44 PM,10:00,,Start of 3rd Period (1:44 PM EST),,46 - 32,-14,0,0,,,,,,0,0,,,,,,0,0,,,,,,0
1021100036,248,1,1,3,1:44 PM,9:50,Pedersen  3PT Jump Shot (10 PTS) (Swoopes 2 AST),,,46 - 35,-11,4,202653,Kayla Pedersen,1611661321.0,Tulsa,Shock,TUL,4,100072,Sheryl Swoopes,1611661321.0,Tulsa,Shock,TUL,0,0,,,,,,0
1021100036,250,5,2,3,1:44 PM,9:34,Latta STEAL (1 STL),,Pierson Lost Ball Turnover (P2.T8),,,5,100888,Plenette Pierson,1611661313.0,New York,Liberty,NYL,4,201056,Ivory Latta,1611661321.0,Tulsa,Shock,TUL,0,0,,,,,,0
1021100036,249,10,0,3,1:45 PM,9:34,Jump Ball Latta vs. Pierson: Tip to Swoopes,,,,,4,201056,Ivory Latta,1611661321.0,Tulsa,Shock,TUL,5,100888,Plenette Pierson,1611661313.0,New York,Liberty,NYL,4,100072,Sheryl Swoopes,1611661321.0,Tulsa,Shock,TUL,0
1021100036,251,6,2,3,1:45 PM,9:29,,,Mitchell S.FOUL (P4.T1),,,5,201507,Leilani Mitchell,1611661313.0,New York,Liberty,NYL,4,101080,Jennifer Lacy,1611661321.0,Tulsa,Shock,TUL,1,0,,,,,,0
1021100036,252,3,11,3,1:45 PM,9:29,Lacy Free Throw 1 of 2 (5 PTS),,,46 - 36,-10,4,101080,Jennifer Lacy,1611661321.0,Tulsa,Shock,TUL,0,0,,,,,,0,0,,,,,,0
1021100036,254,3,12,3,1:45 PM,9:29,Lacy Free Throw 2 of 2 (6 PTS),,,46 - 37,-9,4,101080,Jennifer Lacy,1611661321.0,Tulsa,Shock,TUL,0,0,,,,,,0,0,,,,,,0
1021100036,256,5,1,3,1:46 PM,9:26,,,Pondexter Bad Pass Turnover (P1.T9),,,5,200665,Cappie Pondexter,1611661313.0,New York,Liberty,NYL,0,0,,,,,,1,0,,,,,,0
1021100036,257,5,1,3,1:46 PM,9:12,Jackson Bad Pass Turnover (P5.T8),,Mitchell STEAL (1 STL),,,4,201050,Tiffany Jackson,1611661321.0,Tulsa,Shock,TUL,5,201507,Leilani Mitchell,1611661313.0,New York,Liberty,NYL,0,0,,,,,,0
1021100036,258,1,1,3,1:46 PM,9:06,,,Pondexter  3PT Jump Shot (12 PTS),49 - 37,-12,5,200665,Cappie Pondexter,1611661313.0,New York,Liberty,NYL,0,0,,,,,,0,0,,,,,,0
1021100036,259,9,2,3,1:46 PM,8:57,SHOCK Timeout: Short (Full 1 Short 1),,,,,2,1611661321,,,,,,0,0,,,,,,0,0,,,,,,0
1021100036,261,2,1,3,1:48 PM,8:42,MISS Swoopes 9' Jump Shot,,,,,4,100072,Sheryl Swoopes,1611661321.0,Tulsa,Shock,TUL,0,0,,,,,,0,0,,,,,,0
1021100036,262,4,0,3,1:48 PM,8:39,,,Powell REBOUND (Off:1 Def:3),,,5,100919,Nicole Powell,1611661313.0,New York,Liberty,NYL,0,0,,,,,,0,0,,,,,,0
1021100036,263,1,1,3,1:48 PM,8:29,,,Powell  3PT Jump Shot (7 PTS) (Pondexter 4 AST),52 - 37,-15,5,100919,Nicole Powell,1611661313.0,New York,Liberty,NYL,5,200665,Cappie Pondexter,1611661313.0,New York,Liberty,NYL,0,0,,,,,,0
1021100036,264,6,1,3,1:48 PM,8:16,,,Vaughn P.FOUL (P3.T2),,,5,201913,Kia Vaughn,1611661313.0,New York,Liberty,NYL,4,201056,Ivory Latta,1611661321.0,Tulsa,Shock,TUL,1,0,,,,,,0
1021100036,265,2,1,3,1:49 PM,8:01,MISS Latta  3PT Jump Shot,,,,,4,201056,Ivory Latta,1611661321.0,Tulsa,Shock,TUL,0,0,,,,,,0,0,,,,,,0
1021100036,266,4,0,3,1:49 PM,7:58,,,Pierson REBOUND (Off:1 Def:3),,,5,100888,Plenette Pierson,1611661313.0,New York,Liberty,NYL,0,0,,,,,,0,0,,,,,,0
1021100036,267,5,1,3,1:49 PM,7:48,,,Powell Bad Pass Turnover (P2.T10),,,5,100919,Nicole Powell,1611661313.0,New York,Liberty,NYL,0,0,,,,,,1,0,,,,,,0
1021100036,268,8,0,3,1:49 PM,7:48,,,SUB: Hollingsworth FOR Vaughn,,,5,201913,Kia Vaughn,1611661313.0,New York,Liberty,NYL,5,201895,Quanitra Hollingsworth,1611661313.0,New York,Liberty,NYL,0,0,,,,,,0
1021100036,269,5,1,3,1:49 PM,7:34,Jackson Bad Pass Turnover (P6.T9),,Powell STEAL (1 STL),,,4,201050,Tiffany Jackson,1611661321.0,Tulsa,Shock,TUL,5,100919,Nicole Powell,1611661313.0,New York,Liberty,NYL,0,0,,,,,,0
1021100036,270,2,1,3,1:49 PM,7:24,,,MISS Pierson 18' Jump Shot,,,5,100888,Plenette Pierson,1611661313.0,New York,Liberty,NYL,0,0,,,,,,0,0,,,,,,0
1021100036,271,4,0,3,1:49 PM,7:22,Swoopes REBOUND (Off:0 Def:2),,,,,4,100072,Sheryl Swoopes,1611661321.0,Tulsa,Shock,TUL,0,0,,,,,,0,0,,,,,,0
1021100036,272,2,1,3,1:50 PM,7:12,MISS Latta  3PT Jump Shot,,,,,4,201056,Ivory Latta,1611661321.0,Tulsa,Shock,TUL,0,0,,,,,,0,0,,,,,,0
1021100036,273,4,0,3,1:50 PM,7:10,,,Pondexter REBOUND (Off:0 Def:2),,,5,200665,Cappie Pondexter,1611661313.0,New York,Liberty,NYL,0,0,,,,,,0,0,,,,,,0
1021100036,274,1,1,3,1:50 PM,7:00,,,Pondexter  3PT Jump Shot (15 PTS) (Mitchell 4 AST),55 - 37,-18,5,200665,Cappie Pondexter,1611661313.0,New York,Liberty,NYL,5,201507,Leilani Mitchell,1611661313.0,New York,Liberty,NYL,0,0,,,,,,0
1021100036,275,9,1,3,1:50 PM,6:56,SHOCK Timeout: Regular (Full 2 Short 1),,,,,2,1611661321,,,,,,0,0,,,,,,0,0,,,,,,0
1021100036,277,8,0,3,1:53 PM,6:56,SUB: Monroe FOR Lacy,,,,,4,101080,Jennifer Lacy,1611661321.0,Tulsa,Shock,TUL,4,202261,Jacinta Monroe,1611661321.0,Tulsa,Shock,TUL,0,0,,,,,,0
1021100036,278,8,0,3,1:53 PM,6:56,SUB: Cambage FOR Jackson,,,,,4,201050,Tiffany Jackson,1611661321.0,Tulsa,Shock,TUL,4,202633,Liz Cambage,1611661321.0,Tulsa,Shock,TUL,0,0,,,,,,0
1021100036,279,2,1,3,1:53 PM,6:33,MISS Swoopes  3PT Jump Shot,,,,,4,100072,Sheryl Swoopes,1611661321.0,Tulsa,Shock,TUL,0,0,,,,,,0,0,,,,,,0
1021100036,280,4,0,3,1:54 PM,6:31,Cambage REBOUND (Off:1 Def:1),,,,,4,202633,Liz Cambage,1611661321.0,Tulsa,Shock,TUL,0,0,,,,,,0,0,,,,,,0
1021100036,281,1,5,3,1:54 PM,6:29,Cambage 3' Layup (6 PTS),,,55 - 39,-16,4,202633,Liz Cambage,1611661321.0,Tulsa,Shock,TUL,0,0,,,,,,0,0,,,,,,0
1021100036,282,2,5,3,1:54 PM,6:21,Cambage BLOCK (2 BLK),,MISS Pierson 2' Layup,,,5,100888,Plenette Pierson,1611661313.0,New York,Liberty,NYL,0,0,,,,,,4,202633,Liz Cambage,1611661321.0,Tulsa,Shock,TUL,0
1021100036,283,4,0,3,1:54 PM,6:21,SHOCK Rebound,,,,,2,1611661321,,,,,,0,0,,,,,,0,0,,,,,,0
1021100036,284,1,3,3,1:54 PM,6:14,Cambage 5' Hook Shot (8 PTS) (Swoopes 3 AST),,,55 - 41,-14,4,202633,Liz Cambage,1611661321.0,Tulsa,Shock,TUL,4,100072,Sheryl Swoopes,1611661321.0,Tulsa,Shock,TUL,0,0,,,,,,0
1021100036,285,6,2,3,1:54 PM,6:14,,,Hollingsworth S.FOUL (P4.T3),,,5,201895,Quanitra Hollingsworth,1611661313.0,New York,Liberty,NYL,4,202633,Liz Cambage,1611661321.0,Tulsa,Shock,TUL,1,0,,,,,,0
1021100036,286,3,10,3,1:54 PM,6:14,Cambage Free Throw 1 of 1 (9 PTS),,,55 - 42,-13,4,202633,Liz Cambage,1611661321.0,Tulsa,Shock,TUL,0,0,,,,,,0,0,,,,,,0
1021100036,288,6,1,3,1:55 PM,6:11,Swoopes P.FOUL (P1.T1),,,,,4,100072,Sheryl Swoopes,1611661321.0,Tulsa,Shock,TUL,5,200665,Cappie Pondexter,1611661313.0,New York,Liberty,NYL,1,0,,,,,,0
1021100036,289,5,1,3,1:55 PM,6:04,,,Mitchell Bad Pass Turnover (P2.T11),,,5,201507,Leilani Mitchell,1611661313.0,New York,Liberty,NYL,0,0,,,,,,1,0,,,,,,0
1021100036,290,1,1,3,1:55 PM,5:53,Cambage 12' Jump Shot (11 PTS) (Latta 4 AST),,,55 - 44,-11,4,202633,Liz Cambage,1611661321.0,Tulsa,Shock,TUL,4,201056,Ivory Latta,1611661321.0,Tulsa,Shock,TUL,0,0,,,,,,0
1021100036,291,5,4,3,1:55 PM,5:44,,,Mitchell Traveling Turnover (P3.T12),,,5,201507,Leilani Mitchell,1611661313.0,New York,Liberty,NYL,0,0,,,,,,1,0,,,,,,0
1021100036,292,8,0,3,1:56 PM,5:44,,,SUB: Vaughn FOR Hollingsworth,,,5,201895,Quanitra Hollingsworth,1611661313.0,New York,Liberty,NYL,5,201913,Kia Vaughn,1611661313.0,New York,Liberty,NYL,0,0,,,,,,0
1021100036,293,1,1,3,1:56 PM,5:29,Cambage 4' Jump Shot (13 PTS) (Monroe 1 AST),,,55 - 46,-9,4,202633,Liz Cambage,1611661321.0,Tulsa,Shock,TUL,4,202261,Jacinta Monroe,1611661321.0,Tulsa,Shock,TUL,0,0,,,,,,0
1021100036,294,2,1,3,1:56 PM,5:16,,,MISS Vaughn 17' Jump Shot,,,5,201913,Kia Vaughn,1611661313.0,New York,Liberty,NYL,0,0,,,,,,0,0,,,,,,0
1021100036,295,4,0,3,1:56 PM,5:14,Latta REBOUND (Off:0 Def:2),,,,,4,201056,Ivory Latta,1611661321.0,Tulsa,Shock,TUL,0,0,,,,,,0,0,,,,,,0
1021100036,296,1,1,3,1:56 PM,5:06,Pedersen 14' Jump Shot (12 PTS) (Latta 5 AST),,,55 - 48,-7,4,202653,Kayla Pedersen,1611661321.0,Tulsa,Shock,TUL,4,201056,Ivory Latta,1611661321.0,Tulsa,Shock,TUL,0,0,,,,,,0
1021100036,297,9,1,3,1:57 PM,5:06,,,Liberty Timeout: Regular (Reg.2 Short 0),,,3,1611661313,,,,,,0,0,,,,,,0,0,,,,,,0
1021100036,299,1,1,3,1:59 PM,4:53,,,Pondexter  3PT Jump Shot (18 PTS) (Vaughn 1 AST),58 - 48,-10,5,200665,Cappie Pondexter,1611661313.0,New York,Liberty,NYL,5,201913,Kia Vaughn,1611661313.0,New York,Liberty,NYL,0,0,,,,,,0
1021100036,300,2,1,3,1:59 PM,4:42,MISS Pedersen 8' Jump Shot,,,,,4,202653,Kayla Pedersen,1611661321.0,Tulsa,Shock,TUL,0,0,,,,,,0,0,,,,,,0
1021100036,301,4,0,3,1:59 PM,4:42,SHOCK Rebound,,,,,2,1611661321,,,,,,0,0,,,,,,0,0,,,,,,0
1021100036,302,6,3,3,1:59 PM,4:42,,,Pierson L.B.FOUL (P2.T4),,,5,100888,Plenette Pierson,1611661313.0,New York,Liberty,NYL,4,202633,Liz Cambage,1611661321.0,Tulsa,Shock,TUL,1,0,,,,,,0
1021100036,303,8,0,3,1:59 PM,4:42,,,SUB: Montgomery FOR Powell,,,5,100919,Nicole Powell,1611661313.0,New York,Liberty,NYL,5,202652,Alex Montgomery,1611661313.0,New York,Liberty,NYL,0,0,,,,,,0
1021100036,304,1,1,3,1:59 PM,4:32,Latta  3PT Jump Shot (10 PTS) (Pedersen 2 AST),,,58 - 51,-7,4,201056,Ivory Latta,1611661321.0,Tulsa,Shock,TUL,4,202653,Kayla Pedersen,1611661321.0,Tulsa,Shock,TUL,0,0,,,,,,0
1021100036,305,5,1,3,2:00 PM,4:22,,,Vaughn Bad Pass Turnover (P2.T13),,,5,201913,Kia Vaughn,1611661313.0,New York,Liberty,NYL,0,0,,,,,,1,0,,,,,,0
1021100036,306,9,2,3,2:00 PM,4:22,,,Liberty Timeout: Short (Reg.2 Short 1),,,3,1611661313,,,,,,0,0,,,,,,0,0,,,,,,0
1021100036,309,6,2,3,2:01 PM,4:02,,,Pierson S.FOUL (P3.PN),,,5,100888,Plenette Pierson,1611661313.0,New York,Liberty,NYL,4,202653,Kayla Pedersen,1611661321.0,Tulsa,Shock,TUL,1,0,,,,,,0
1021100036,310,3,11,3,2:02 PM,4:02,Pedersen Free Throw 1 of 2 (13 PTS),,,58 - 52,-6,4,202653,Kayla Pedersen,1611661321.0,Tulsa,Shock,TUL,0,0,,,,,,0,0,,,,,,0
1021100036,312,3,12,3,2:02 PM,4:02,Pedersen Free Throw 2 of 2 (14 PTS),,,58 - 53,-5,4,202653,Kayla Pedersen,1611661321.0,Tulsa,Shock,TUL,0,0,,,,,,0,0,,,,,,0
1021100036,314,6,1,3,2:02 PM,3:50,Latta P.FOUL (P3.T2),,,,,4,201056,Ivory Latta,1611661321.0,Tulsa,Shock,TUL,5,200665,Cappie Pondexter,1611661313.0,New York,Liberty,NYL,1,0,,,,,,0
1021100036,315,5,1,3,2:03 PM,3:38,Pedersen STEAL (2 STL),,Montgomery Bad Pass Turnover (P1.T14),,,5,202652,Alex Montgomery,1611661313.0,New York,Liberty,NYL,4,202653,Kayla Pedersen,1611661321.0,Tulsa,Shock,TUL,0,0,,,,,,0
1021100036,316,5,1,3,2:03 PM,3:35,Swoopes Bad Pass Turnover (P1.T10),,Mitchell STEAL (2 STL),,,4,100072,Sheryl Swoopes,1611661321.0,Tulsa,Shock,TUL,5,201507,Leilani Mitchell,1611661313.0,New York,Liberty,NYL,0,0,,,,,,0
1021100036,317,2,1,3,2:03 PM,3:29,,,MISS Montgomery 12' Jump Shot,,,5,202652,Alex Montgomery,1611661313.0,New York,Liberty,NYL,0,0,,,,,,0,0,,,,,,0
1021100036,318,4,0,3,2:03 PM,3:27,Cambage REBOUND (Off:1 Def:2),,,,,4,202633,Liz Cambage,1611661321.0,Tulsa,Shock,TUL,0,0,,,,,,0,0,,,,,,0
1021100036,319,2,1,3,2:03 PM,3:11,MISS Cambage 4' Jump Shot,,,,,4,202633,Liz Cambage,1611661321.0,Tulsa,Shock,TUL,0,0,,,,,,0,0,,,,,,0
1021100036,320,4,0,3,2:03 PM,3:11,,,Liberty Rebound,,,3,1611661313,,,,,,0,0,,,,,,0,0,,,,,,0
1021100036,321,6,3,3,2:03 PM,3:11,Cambage L.B.FOUL (P1.T3),,,,,4,202633,Liz Cambage,1611661321.0,Tulsa,Shock,TUL,5,202652,Alex Montgomery,1611661313.0,New York,Liberty,NYL,1,0,,,,,,0
1021100036,322,6,1,3,2:04 PM,3:01,Latta P.FOUL (P4.T4),,,,,4,201056,Ivory Latta,1611661321.0,Tulsa,Shock,TUL,5,202652,Alex Montgomery,1611661313.0,New York,Liberty,NYL,1,0,,,,,,0
1021100036,323,1,5,3,2:04 PM,2:50,,,Vaughn 3' Layup (14 PTS) (Montgomery 1 AST),60 - 53,-7,5,201913,Kia Vaughn,1611661313.0,New York,Liberty,NYL,5,202652,Alex Montgomery,1611661313.0,New York,Liberty,NYL,0,0,,,,,,0
1021100036,324,6,4,3,2:05 PM,2:38,Cambage OFF.Foul (P2),,,,,4,202633,Liz Cambage,1611661321.0,Tulsa,Shock,TUL,5,100888,Plenette Pierson,1611661313.0,New York,Liberty,NYL,1,0,,,,,,0
1021100036,325,5,5,3,2:05 PM,2:38,Cambage Foul Turnover (P1.T11),,,,,4,202633,Liz Cambage,1611661321.0,Tulsa,Shock,TUL,0,0,,,,,,1,0,,,,,,0
1021100036,326,2,1,3,2:05 PM,2:33,,,MISS Pondexter 12' Jump Shot,,,5,200665,Cappie Pondexter,1611661313.0,New York,Liberty,NYL,0,0,,,,,,0,0,,,,,,0
1021100036,327,4,0,3,2:05 PM,2:30,Pedersen REBOUND (Off:0 Def:2),,,,,4,202653,Kayla Pedersen,1611661321.0,Tulsa,Shock,TUL,0,0,,,,,,0,0,,,,,,0
1021100036,328,2,1,3,2:05 PM,2:24,MISS Latta  3PT Jump Shot,,,,,4,201056,Ivory Latta,1611661321.0,Tulsa,Shock,TUL,0,0,,,,,,0,0,,,,,,0
1021100036,329,4,0,3,2:05 PM,2:21,,,Vaughn REBOUND (Off:3 Def:4),,,5,201913,Kia Vaughn,1611661313.0,New York,Liberty,NYL,0,0,,,,,,0,0,,,,,,0
1021100036,330,1,5,3,2:05 PM,2:17,,,Pierson 3' Layup (8 PTS) (Mitchell 5 AST),62 - 53,-9,5,100888,Plenette Pierson,1611661313.0,New York,Liberty,NYL,5,201507,Leilani Mitchell,1611661313.0,New York,Liberty,NYL,0,0,,,,,,0
1021100036,331,6,2,3,2:06 PM,2:06,,,Montgomery S.FOUL (P1.PN),,,5,202652,Alex Montgomery,1611661313.0,New York,Liberty,NYL,4,202633,Liz Cambage,1611661321.0,Tulsa,Shock,TUL,1,0,,,,,,0
1021100036,332,3,11,3,2:06 PM,2:06,Cambage Free Throw 1 of 2 (14 PTS),,,62 - 54,-8,4,202633,Liz Cambage,1611661321.0,Tulsa,Shock,TUL,0,0,,,,,,0,0,,,,,,0
1021100036,334,8,0,3,2:06 PM,2:06,SUB: Jackson FOR Pedersen,,,,,4,202653,Kayla Pedersen,1611661321.0,Tulsa,Shock,TUL,4,201050,Tiffany Jackson,1611661321.0,Tulsa,Shock,TUL,0,0,,,,,,0
1021100036,335,8,0,3,2:06 PM,2:06,SUB: Riley FOR Swoopes,,,,,4,100072,Sheryl Swoopes,1611661321.0,Tulsa,Shock,TUL,4,202315,Andrea Riley,1611661321.0,Tulsa,Shock,TUL,0,0,,,,,,0
1021100036,336,3,12,3,2:06 PM,2:06,Cambage Free Throw 2 of 2 (15 PTS),,,62 - 55,-7,4,202633,Liz Cambage,1611661321.0,Tulsa,Shock,TUL,0,0,,,,,,0,0,,,,,,0
1021100036,338,5,1,3,2:07 PM,1:58,Riley STEAL (1 STL),,Mitchell Bad Pass Turnover (P4.T15),,,5,201507,Leilani Mitchell,1611661313.0,New York,Liberty,NYL,4,202315,Andrea Riley,1611661321.0,Tulsa,Shock,TUL,0,0,,,,,,0
1021100036,339,6,1,3,2:07 PM,1:58,,,Mitchell P.FOUL (P5.PN),,,5,201507,Leilani Mitchell,1611661313.0,New York,Liberty,NYL,4,201050,Tiffany Jackson,1611661321.0,Tulsa,Shock,TUL,1,0,,,,,,0
1021100036,340,8,0,3,2:07 PM,1:58,SUB: Lacy FOR Cambage,,,,,4,202633,Liz Cambage,1611661321.0,Tulsa,Shock,TUL,4,101080,Jennifer Lacy,1611661321.0,Tulsa,Shock,TUL,0,0,,,,,,0
1021100036,341,8,0,3,2:07 PM,1:58,,,SUB: Carson FOR Mitchell,,,5,201507,Leilani Mitchell,1611661313.0,New York,Liberty,NYL,5,201502,Essence Carson,1611661313.0,New York,Liberty,NYL,0,0,,,,,,0
1021100036,342,3,11,3,2:07 PM,1:58,Jackson Free Throw 1 of 2 (7 PTS),,,62 - 56,-6,4,201050,Tiffany Jackson,1611661321.0,Tulsa,Shock,TUL,0,0,,,,,,0,0,,,,,,0
1021100036,344,8,0,3,2:08 PM,1:58,,,SUB: Powell FOR Montgomery,,,5,202652,Alex Montgomery,1611661313.0,New York,Liberty,NYL,5,100919,Nicole Powell,1611661313.0,New York,Liberty,NYL,0,0,,,,,,0
1021100036,345,3,12,3,2:08 PM,1:58,Jackson Free Throw 2 of 2 (8 PTS),,,62 - 57,-5,4,201050,Tiffany Jackson,1611661321.0,Tulsa,Shock,TUL,0,0,,,,,,0,0,,,,,,0
1021100036,347,1,5,3,2:08 PM,1:51,,,Vaughn 3' Layup (16 PTS) (Pondexter 5 AST),64 - 57,-7,5,201913,Kia Vaughn,1611661313.0,New York,Liberty,NYL,5,200665,Cappie Pondexter,1611661313.0,New York,Liberty,NYL,0,0,,,,,,0
1021100036,348,1,1,3,2:08 PM,1:25,Jackson 8' Jump Shot (10 PTS),,,64 - 59,-5,4,201050,Tiffany Jackson,1611661321.0,Tulsa,Shock,TUL,0,0,,,,,,0,0,,,,,,0
1021100036,349,1,5,3,2:09 PM,1:13,,,Pierson 3' Layup (10 PTS) (Pondexter 6 AST),66 - 59,-7,5,100888,Plenette Pierson,1611661313.0,New York,Liberty,NYL,5,200665,Cappie Pondexter,1611661313.0,New York,Liberty,NYL,0,0,,,,,,0
1021100036,350,6,2,3,2:09 PM,1:13,Lacy S.FOUL (P3.PN),,,,,4,101080,Jennifer Lacy,1611661321.0,Tulsa,Shock,TUL,5,100888,Plenette Pierson,1611661313.0,New York,Liberty,NYL,1,0,,,,,,0
1021100036,351,3,10,3,2:09 PM,1:13,,,MISS Pierson Free Throw 1 of 1,,,5,100888,Plenette Pierson,1611661313.0,New York,Liberty,NYL,0,0,,,,,,0,0,,,,,,0
1021100036,353,4,0,3,2:09 PM,1:12,Monroe REBOUND (Off:0 Def:1),,,,,4,202261,Jacinta Monroe,1611661321.0,Tulsa,Shock,TUL,0,0,,,,,,0,0,,,,,,0
1021100036,354,2,1,3,2:09 PM,1:01,MISS Latta 9' Jump Shot,,,,,4,201056,Ivory Latta,1611661321.0,Tulsa,Shock,TUL,0,0,,,,,,0,0,,,,,,0
1021100036,355,4,0,3,2:10 PM,1:01,,,Liberty Rebound,,,3,1611661313,,,,,,0,0,,,,,,0,0,,,,,,0
1021100036,356,6,4,3,2:10 PM,0:48,,,Pierson OFF.Foul (P4),,,5,100888,Plenette Pierson,1611661313.0,New York,Liberty,NYL,4,101080,Jennifer Lacy,1611661321.0,Tulsa,Shock,TUL,1,0,,,,,,0
1021100036,357,5,5,3,2:10 PM,0:48,,,Pierson Foul Turnover (P3.T16),,,5,100888,Plenette Pierson,1611661313.0,New York,Liberty,NYL,0,0,,,,,,1,0,,,,,,0
1021100036,358,8,0,3,2:10 PM,0:48,SUB: Swoopes FOR Monroe,,,,,4,202261,Jacinta Monroe,1611661321.0,Tulsa,Shock,TUL,4,100072,Sheryl Swoopes,1611661321.0,Tulsa,Shock,TUL,0,0,,,,,,0
1021100036,359,1,1,3,2:11 PM,0:33,Riley 18' Jump Shot (2 PTS),,,66 - 61,-5,4,202315,Andrea Riley,1611661321.0,Tulsa,Shock,TUL,0,0,,,,,,0,0,,,,,,0
1021100036,360,1,5,3,2:11 PM,0:21,,,Vaughn 2' Layup (18 PTS) (Pondexter 7 AST),68 - 61,-7,5,201913,Kia Vaughn,1611661313.0,New York,Liberty,NYL,5,200665,Cappie Pondexter,1611661313.0,New York,Liberty,NYL,0,0,,,,,,0
1021100036,361,1,1,3,2:11 PM,0:06,Swoopes 13' Jump Shot (6 PTS) (Latta 6 AST),,,68 - 63,-5,4,100072,Sheryl Swoopes,1611661321.0,Tulsa,Shock,TUL,4,201056,Ivory Latta,1611661321.0,Tulsa,Shock,TUL,0,0,,,,,,0
1021100036,362,2,5,3,2:11 PM,0:00,,,MISS Powell 3' Layup,,,5,100919,Nicole Powell,1611661313.0,New York,Liberty,NYL,0,0,,,,,,0,0,,,,,,0
1021100036,364,4,0,3,2:11 PM,0:00,,,Vaughn REBOUND (Off:4 Def:4),,,5,201913,Kia Vaughn,1611661313.0,New York,Liberty,NYL,0,0,,,,,,0,0,,,,,,0
1021100036,363,1,5,3,2:11 PM,0:00,,,Vaughn 2' Layup (20 PTS),70 - 63,-7,5,201913,Kia Vaughn,1611661313.0,New York,Liberty,NYL,0,0,,,,,,0,0,,,,,,0
1021100036,365,13,0,3,2:11 PM,0:00,,End of 3rd Period (2:11 PM EST),,70 - 63,-7,0,0,,,,,,0,0,,,,,,0,0,,,,,,0
1021100036,367,12,0,4,2:15 PM,10:00,,Start of 4th Period (2:15 PM EST),,70 - 63,-7,0,0,,,,,,0,0,,,,,,0,0,,,,,,0
1021100036,369,5,2,4,2:16 PM,9:52,Cambage STEAL (1 STL),,Pondexter Lost Ball Turnover (P2.T17),,,5,200665,Cappie Pondexter,1611661313.0,New York,Liberty,NYL,4,202633,Liz Cambage,1611661321.0,Tulsa,Shock,TUL,0,0,,,,,,0
1021100036,368,10,0,4,2:16 PM,9:52,Jump Ball Cambage vs. Pondexter: Tip to Pedersen,,,,,4,202633,Liz Cambage,1611661321.0,Tulsa,Shock,TUL,5,200665,Cappie Pondexter,1611661313.0,New York,Liberty,NYL,4,202653,Kayla Pedersen,1611661321.0,Tulsa,Shock,TUL,0
1021100036,370,5,8,4,2:17 PM,9:40,Cambage 3 Second Violation Turnover (P2.T12),,,,,4,202633,Liz Cambage,1611661321.0,Tulsa,Shock,TUL,0,0,,,,,,1,0,,,,,,0
1021100036,371,2,1,4,2:17 PM,9:29,,,MISS Pondexter  3PT Jump Shot,,,5,200665,Cappie Pondexter,1611661313.0,New York,Liberty,NYL,0,0,,,,,,0,0,,,,,,0
1021100036,372,4,0,4,2:17 PM,9:27,SHOCK Rebound,,,,,2,1611661321,,,,,,0,0,,,,,,0,0,,,,,,0
1021100036,373,1,5,4,2:17 PM,9:16,Cambage 2' Layup (17 PTS) (Latta 7 AST),,,70 - 65,-5,4,202633,Liz Cambage,1611661321.0,Tulsa,Shock,TUL,4,201056,Ivory Latta,1611661321.0,Tulsa,Shock,TUL,0,0,,,,,,0
1021100036,374,1,1,4,2:18 PM,8:54,,,Powell  3PT Jump Shot (10 PTS) (Pondexter 8 AST),73 - 65,-8,5,100919,Nicole Powell,1611661313.0,New York,Liberty,NYL,5,200665,Cappie Pondexter,1611661313.0,New York,Liberty,NYL,0,0,,,,,,0
1021100036,375,2,1,4,2:18 PM,8:46,MISS Swoopes 20' Jump Shot,,,,,4,100072,Sheryl Swoopes,1611661321.0,Tulsa,Shock,TUL,0,0,,,,,,0,0,,,,,,0
1021100036,376,4,0,4,2:18 PM,8:44,,,Vaughn REBOUND (Off:4 Def:5),,,5,201913,Kia Vaughn,1611661313.0,New York,Liberty,NYL,0,0,,,,,,0,0,,,,,,0
1021100036,377,5,1,4,2:18 PM,8:41,Swoopes STEAL (1 STL),,Vaughn Bad Pass Turnover (P3.T18),,,5,201913,Kia Vaughn,1611661313.0,New York,Liberty,NYL,4,100072,Sheryl Swoopes,1611661321.0,Tulsa,Shock,TUL,0,0,,,,,,0
1021100036,378,1,5,4,2:18 PM,8:33,Cambage 2' Layup (19 PTS) (Pedersen 3 AST),,,73 - 67,-6,4,202633,Liz Cambage,1611661321.0,Tulsa,Shock,TUL,4,202653,Kayla Pedersen,1611661321.0,Tulsa,Shock,TUL,0,0,,,,,,0
1021100036,379,9,1,4,2:19 PM,8:14,SHOCK Timeout: Regular (Full 3 Short 1),,,,,2,1611661321,,,,,,0,0,,,,,,0,0,,,,,,0
1021100036,381,2,5,4,2:22 PM,8:09,,,MISS Carson 3' Layup,,,5,201502,Essence Carson,1611661313.0,New York,Liberty,NYL,0,0,,,,,,0,0,,,,,,0
1021100036,383,4,0,4,2:22 PM,8:06,,,Carson REBOUND (Off:1 Def:1),,,5,201502,Essence Carson,1611661313.0,New York,Liberty,NYL,0,0,,,,,,0,0,,,,,,0
1021100036,382,1,5,4,2:22 PM,8:06,,,Carson 3' Layup (6 PTS),75 - 67,-8,5,201502,Essence Carson,1611661313.0,New York,Liberty,NYL,0,0,,,,,,0,0,,,,,,0
1021100036,384,1,1,4,2:22 PM,7:50,Latta  3PT Jump Shot (13 PTS),,,75 - 70,-5,4,201056,Ivory Latta,1611661321.0,Tulsa,Shock,TUL,0,0,,,,,,0,0,,,,,,0
1021100036,385,2,5,4,2:23 PM,7:36,,,MISS Carson 2' Layup,,,5,201502,Essence Carson,1611661313.0,New York,Liberty,NYL,0,0,,,,,,0,0,,,,,,0
1021100036,386,4,0,4,2:23 PM,7:33,Pedersen REBOUND (Off:0 Def:3),,,,,4,202653,Kayla Pedersen,1611661321.0,Tulsa,Shock,TUL,0,0,,,,,,0,0,,,,,,0
1021100036,387,1,5,4,2:23 PM,7:26,Cambage 2' Layup (21 PTS) (Swoopes 4 AST),,,75 - 72,-3,4,202633,Liz Cambage,1611661321.0,Tulsa,Shock,TUL,4,100072,Sheryl Swoopes,1611661321.0,Tulsa,Shock,TUL,0,0,,,,,,0
1021100036,388,6,2,4,2:23 PM,7:26,,,Powell S.FOUL (P1.T1),,,5,100919,Nicole Powell,1611661313.0,New York,Liberty,NYL,4,202633,Liz Cambage,1611661321.0,Tulsa,Shock,TUL,1,0,,,,,,0
1021100036,389,3,10,4,2:23 PM,7:26,Cambage Free Throw 1 of 1 (22 PTS),,,75 - 73,-2,4,202633,Liz Cambage,1611661321.0,Tulsa,Shock,TUL,0,0,,,,,,0,0,,,,,,0
1021100036,391,6,2,4,2:23 PM,7:19,Cambage S.FOUL (P3.T1),,,,,4,202633,Liz Cambage,1611661321.0,Tulsa,Shock,TUL,5,201502,Essence Carson,1611661313.0,New York,Liberty,NYL,1,0,,,,,,0
1021100036,392,3,11,4,2:24 PM,7:19,,,MISS Carson Free Throw 1 of 2,,,5,201502,Essence Carson,1611661313.0,New York,Liberty,NYL,0,0,,,,,,0,0,,,,,,0
1021100036,393,4,1,4,2:24 PM,7:19,,,Liberty Rebound,,,3,1611661313,,,,,,0,0,,,,,,0,0,,,,,,0
1021100036,394,3,12,4,2:24 PM,7:19,,,Carson Free Throw 2 of 2 (7 PTS),76 - 73,-3,5,201502,Essence Carson,1611661313.0,New York,Liberty,NYL,0,0,,,,,,0,0,,,,,,0
1021100036,396,6,1,4,2:24 PM,7:09,,,Pierson P.FOUL (P5.T2),,,5,100888,Plenette Pierson,1611661313.0,New York,Liberty,NYL,4,202633,Liz Cambage,1611661321.0,Tulsa,Shock,TUL,1,0,,,,,,0
1021100036,397,2,5,4,2:25 PM,7:06,MISS Jackson 3' Layup,,Pierson BLOCK (2 BLK),,,4,201050,Tiffany Jackson,1611661321.0,Tulsa,Shock,TUL,0,0,,,,,,5,100888,Plenette Pierson,1611661313.0,New York,Liberty,NYL,0
1021100036,398,4,0,4,2:25 PM,7:02,,,Powell REBOUND (Off:1 Def:4),,,5,100919,Nicole Powell,1611661313.0,New York,Liberty,NYL,0,0,,,,,,0,0,,,,,,0
1021100036,399,5,1,4,2:25 PM,6:48,Cambage STEAL (2 STL),,Powell Bad Pass Turnover (P3.T19),,,5,100919,Nicole Powell,1611661313.0,New York,Liberty,NYL,4,202633,Liz Cambage,1611661321.0,Tulsa,Shock,TUL,0,0,,,,,,0
1021100036,400,5,8,4,2:25 PM,6:35,Cambage 3 Second Violation Turnover (P3.T13),,,,,4,202633,Liz Cambage,1611661321.0,Tulsa,Shock,TUL,0,0,,,,,,1,0,,,,,,0
1021100036,401,2,1,4,2:26 PM,6:21,,,MISS Powell  3PT Jump Shot,,,5,100919,Nicole Powell,1611661313.0,New York,Liberty,NYL,0,0,,,,,,0,0,,,,,,0
1021100036,402,4,0,4,2:26 PM,6:18,Swoopes REBOUND (Off:0 Def:3),,,,,4,100072,Sheryl Swoopes,1611661321.0,Tulsa,Shock,TUL,0,0,,,,,,0,0,,,,,,0
1021100036,403,2,1,4,2:26 PM,6:07,MISS Swoopes  3PT Jump Shot,,,,,4,100072,Sheryl Swoopes,1611661321.0,Tulsa,Shock,TUL,0,0,,,,,,0,0,,,,,,0
1021100036,404,4,0,4,2:26 PM,6:04,,,Powell REBOUND (Off:1 Def:5),,,5,100919,Nicole Powell,1611661313.0,New York,Liberty,NYL,0,0,,,,,,0,0,,,,,,0
1021100036,405,2,5,4,2:26 PM,5:56,,,MISS Vaughn 3' Layup,,,5,201913,Kia Vaughn,1611661313.0,New York,Liberty,NYL,0,0,,,,,,0,0,,,,,,0
1021100036,406,4,0,4,2:26 PM,5:56,,,Carson REBOUND (Off:2 Def:1),,,5,201502,Essence Carson,1611661313.0,New York,Liberty,NYL,0,0,,,,,,0,0,,,,,,0
1021100036,407,6,1,4,2:26 PM,5:56,Jackson P.FOUL (P2.T2),,,,,4,201050,Tiffany Jackson,1611661321.0,Tulsa,Shock,TUL,5,201502,Essence Carson,1611661313.0,New York,Liberty,NYL,1,0,,,,,,0
1021100036,409,8,0,4,2:27 PM,5:56,,,SUB: Spencer FOR Pierson,,,5,100888,Plenette Pierson,1611661313.0,New York,Liberty,NYL,5,201086,Sidney Spencer,1611661313.0,New York,Liberty,NYL,0,0,,,,,,0
1021100036,410,8,0,4,2:27 PM,5:56,SUB: Riley FOR Latta,,,,,4,201056,Ivory Latta,1611661321.0,Tulsa,Shock,TUL,4,202315,Andrea Riley,1611661321.0,Tulsa,Shock,TUL,0,0,,,,,,0
1021100036,411,8,0,4,2:27 PM,5:56,,,SUB: Mitchell FOR Powell,,,5,100919,Nicole Powell,1611661313.0,New York,Liberty,NYL,5,201507,Leilani Mitchell,1611661313.0,New York,Liberty,NYL,0,0,,,,,,0
1021100036,412,2,1,4,2:28 PM,5:43,,,MISS Carson  3PT Jump Shot,,,5,201502,Essence Carson,1611661313.0,New York,Liberty,NYL,0,0,,,,,,0,0,,,,,,0
1021100036,413,4,0,4,2:28 PM,5:40,Riley REBOUND (Off:0 Def:1),,,,,4,202315,Andrea Riley,1611661321.0,Tulsa,Shock,TUL,0,0,,,,,,0,0,,,,,,0
1021100036,414,5,1,4,2:28 PM,5:29,Jackson Bad Pass Turnover (P7.T14),,Carson STEAL (1 STL),,,4,201050,Tiffany Jackson,1611661321.0,Tulsa,Shock,TUL,5,201502,Essence Carson,1611661313.0,New York,Liberty,NYL,0,0,,,,,,0
1021100036,415,2,5,4,2:28 PM,5:18,,,MISS Pondexter 3' Layup,,,5,200665,Cappie Pondexter,1611661313.0,New York,Liberty,NYL,0,0,,,,,,0,0,,,,,,0
1021100036,416,4,0,4,2:28 PM,5:17,SHOCK Rebound,,,,,2,1611661321,,,,,,0,0,,,,,,0,0,,,,,,0
1021100036,417,1,5,4,2:29 PM,4:53,Jackson 3' Layup (12 PTS) (Riley 1 AST),,,76 - 75,-1,4,201050,Tiffany Jackson,1611661321.0,Tulsa,Shock,TUL,4,202315,Andrea Riley,1611661321.0,Tulsa,Shock,TUL,0,0,,,,,,0
1021100036,418,9,1,4,2:29 PM,4:44,,,Liberty Timeout: Regular (Reg.3 Short 1),,,3,1611661313,,,,,,0,0,,,,,,0,0,,,,,,0
1021100036,420,8,0,4,2:32 PM,4:44,,,SUB: Pierson FOR Spencer,,,5,201086,Sidney Spencer,1611661313.0,New York,Liberty,NYL,5,100888,Plenette Pierson,1611661313.0,New York,Liberty,NYL,0,0,,,,,,0
1021100036,421,1,1,4,2:32 PM,4:31,,,Pondexter  3PT Jump Shot (21 PTS),79 - 75,-4,5,200665,Cappie Pondexter,1611661313.0,New York,Liberty,NYL,0,0,,,,,,0,0,,,,,,0
1021100036,422,1,5,4,2:33 PM,4:03,Pedersen 2' Layup (16 PTS) (Swoopes 5 AST),,,79 - 77,-2,4,202653,Kayla Pedersen,1611661321.0,Tulsa,Shock,TUL,4,100072,Sheryl Swoopes,1611661321.0,Tulsa,Shock,TUL,0,0,,,,,,0
1021100036,424,2,1,4,2:33 PM,3:44,,,MISS Mitchell 17' Jump Shot,,,5,201507,Leilani Mitchell,1611661313.0,New York,Liberty,NYL,0,0,,,,,,0,0,,,,,,0
1021100036,426,4,0,4,2:33 PM,3:41,,,Vaughn REBOUND (Off:5 Def:5),,,5,201913,Kia Vaughn,1611661313.0,New York,Liberty,NYL,0,0,,,,,,0,0,,,,,,0
1021100036,425,1,5,4,2:33 PM,3:41,,,Vaughn 2' Layup (22 PTS),81 - 77,-4,5,201913,Kia Vaughn,1611661313.0,New York,Liberty,NYL,0,0,,,,,,0,0,,,,,,0
1021100036,427,6,4,4,2:34 PM,3:28,Cambage OFF.Foul (P4),,,,,4,202633,Liz Cambage,1611661321.0,Tulsa,Shock,TUL,0,0,,,,,,1,0,,,,,,0
1021100036,428,5,5,4,2:34 PM,3:28,Cambage Foul Turnover (P4.T15),,,,,4,202633,Liz Cambage,1611661321.0,Tulsa,Shock,TUL,0,0,,,,,,1,0,,,,,,0
1021100036,429,1,5,4,2:34 PM,3:19,,,Pierson 3' Layup (12 PTS) (Pondexter 9 AST),83 - 77,-6,5,100888,Plenette Pierson,1611661313.0,New York,Liberty,NYL,5,200665,Cappie Pondexter,1611661313.0,New York,Liberty,NYL,0,0,,,,,,0
1021100036,430,1,1,4,2:34 PM,3:03,Riley  3PT Jump Shot (5 PTS) (Swoopes 6 AST),,,83 - 80,-3,4,202315,Andrea Riley,1611661321.0,Tulsa,Shock,TUL,4,100072,Sheryl Swoopes,1611661321.0,Tulsa,Shock,TUL,0,0,,,,,,0
1021100036,431,1,5,4,2:34 PM,2:57,,,Carson 3' Layup (9 PTS) (Mitchell 6 AST),85 - 80,-5,5,201502,Essence Carson,1611661313.0,New York,Liberty,NYL,5,201507,Leilani Mitchell,1611661313.0,New York,Liberty,NYL,0,0,,,,,,0
1021100036,432,6,2,4,2:34 PM,2:57,Cambage S.FOUL (P5.T3),,,,,4,202633,Liz Cambage,1611661321.0,Tulsa,Shock,TUL,5,201502,Essence Carson,1611661313.0,New York,Liberty,NYL,1,0,,,,,,0
1021100036,433,8,0,4,2:35 PM,2:57,SUB: Monroe FOR Jackson,,,,,4,201050,Tiffany Jackson,1611661321.0,Tulsa,Shock,TUL,4,202261,Jacinta Monroe,1611661321.0,Tulsa,Shock,TUL,0,0,,,,,,0
1021100036,434,3,10,4,2:35 PM,2:57,,,Carson Free Throw 1 of 1 (10 PTS),86 - 80,-6,5,201502,Essence Carson,1611661313.0,New York,Liberty,NYL,0,0,,,,,,0,0,,,,,,0
1021100036,436,5,1,4,2:35 PM,2:41,Monroe Bad Pass Turnover (P1.T16),,Pondexter STEAL (2 STL),,,4,202261,Jacinta Monroe,1611661321.0,Tulsa,Shock,TUL,5,200665,Cappie Pondexter,1611661313.0,New York,Liberty,NYL,0,0,,,,,,0
1021100036,437,1,5,4,2:36 PM,2:37,,,Pierson 3' Layup (14 PTS) (Carson 4 AST),88 - 80,-8,5,100888,Plenette Pierson,1611661313.0,New York,Liberty,NYL,5,201502,Essence Carson,1611661313.0,New York,Liberty,NYL,0,0,,,,,,0
1021100036,438,6,2,4,2:36 PM,2:37,Monroe S.FOUL (P1.T4),,,,,4,202261,Jacinta Monroe,1611661321.0,Tulsa,Shock,TUL,5,100888,Plenette Pierson,1611661313.0,New York,Liberty,NYL,1,0,,,,,,0
1021100036,439,8,0,4,2:36 PM,2:37,SUB: Lacy FOR Monroe,,,,,4,202261,Jacinta Monroe,1611661321.0,Tulsa,Shock,TUL,4,101080,Jennifer Lacy,1611661321.0,Tulsa,Shock,TUL,0,0,,,,,,0
1021100036,440,3,10,4,2:36 PM,2:37,,,MISS Pierson Free Throw 1 of 1,,,5,100888,Plenette Pierson,1611661313.0,New York,Liberty,NYL,0,0,,,,,,0,0,,,,,,0
1021100036,442,4,0,4,2:36 PM,2:37,Cambage REBOUND (Off:1 Def:3),,,,,4,202633,Liz Cambage,1611661321.0,Tulsa,Shock,TUL,0,0,,,,,,0,0,,,,,,0
1021100036,443,5,1,4,2:36 PM,2:22,Riley Bad Pass Turnover (P1.T17),,Pondexter STEAL (3 STL),,,4,202315,Andrea Riley,1611661321.0,Tulsa,Shock,TUL,5,200665,Cappie Pondexter,1611661313.0,New York,Liberty,NYL,0,0,,,,,,0
1021100036,444,2,5,4,2:36 PM,2:18,,,MISS Mitchell 3' Layup,,,5,201507,Leilani Mitchell,1611661313.0,New York,Liberty,NYL,0,0,,,,,,0,0,,,,,,0
1021100036,445,4,0,4,2:36 PM,2:16,Swoopes REBOUND (Off:0 Def:4),,,,,4,100072,Sheryl Swoopes,1611661321.0,Tulsa,Shock,TUL,0,0,,,,,,0,0,,,,,,0
1021100036,446,2,1,4,2:37 PM,2:11,MISS Swoopes  3PT Jump Shot,,,,,4,100072,Sheryl Swoopes,1611661321.0,Tulsa,Shock,TUL,0,0,,,,,,0,0,,,,,,0
1021100036,447,4,0,4,2:37 PM,2:08,,,Vaughn REBOUND (Off:5 Def:6),,,5,201913,Kia Vaughn,1611661313.0,New York,Liberty,NYL,0,0,,,,,,0,0,,,,,,0
1021100036,448,2,1,4,2:37 PM,1:48,,,MISS Pondexter  3PT Jump Shot,,,5,200665,Cappie Pondexter,1611661313.0,New York,Liberty,NYL,0,0,,,,,,0,0,,,,,,0
1021100036,449,4,0,4,2:37 PM,1:44,Pedersen REBOUND (Off:0 Def:4),,,,,4,202653,Kayla Pedersen,1611661321.0,Tulsa,Shock,TUL,0,0,,,,,,0,0,,,,,,0
1021100036,450,2,1,4,2:37 PM,1:40,MISS Lacy  3PT Jump Shot,,,,,4,101080,Jennifer Lacy,1611661321.0,Tulsa,Shock,TUL,0,0,,,,,,0,0,,,,,,0
1021100036,451,4,0,4,2:37 PM,1:38,,,Mitchell REBOUND (Off:0 Def:1),,,5,201507,Leilani Mitchell,1611661313.0,New York,Liberty,NYL,0,0,,,,,,0,0,,,,,,0
1021100036,452,2,1,4,2:37 PM,1:23,,,MISS Pondexter 18' Jump Shot,,,5,200665,Cappie Pondexter,1611661313.0,New York,Liberty,NYL,0,0,,,,,,0,0,,,,,,0
1021100036,453,4,0,4,2:37 PM,1:21,Swoopes REBOUND (Off:0 Def:5),,,,,4,100072,Sheryl Swoopes,1611661321.0,Tulsa,Shock,TUL,0,0,,,,,,0,0,,,,,,0
1021100036,454,6,1,4,2:38 PM,1:15,,,Vaughn P.FOUL (P4.T3),,,5,201913,Kia Vaughn,1611661313.0,New York,Liberty,NYL,4,202633,Liz Cambage,1611661321.0,Tulsa,Shock,TUL,1,0,,,,,,0
1021100036,455,8,0,4,2:38 PM,1:15,SUB: Latta FOR Riley,,,,,4,202315,Andrea Riley,1611661321.0,Tulsa,Shock,TUL,4,201056,Ivory Latta,1611661321.0,Tulsa,Shock,TUL,0,0,,,,,,0
1021100036,456,8,0,4,2:38 PM,1:15,SUB: Reed FOR Cambage,,,,,4,202633,Liz Cambage,1611661321.0,Tulsa,Shock,TUL,4,202665,Chastity Reed,1611661321.0,Tulsa,Shock,TUL,0,0,,,,,,0
1021100036,457,6,2,4,2:39 PM,1:10,,,Pierson S.FOUL (P6.PN),,,5,100888,Plenette Pierson,1611661313.0,New York,Liberty,NYL,4,202653,Kayla Pedersen,1611661321.0,Tulsa,Shock,TUL,1,0,,,,,,0
1021100036,458,8,0,4,2:39 PM,1:10,,,SUB: Powell FOR Pierson,,,5,100888,Plenette Pierson,1611661313.0,New York,Liberty,NYL,5,100919,Nicole Powell,1611661313.0,New York,Liberty,NYL,0,0,,,,,,0
1021100036,459,3,11,4,2:39 PM,1:10,Pedersen Free Throw 1 of 2 (17 PTS),,,88 - 81,-7,4,202653,Kayla Pedersen,1611661321.0,Tulsa,Shock,TUL,0,0,,,,,,0,0,,,,,,0
1021100036,461,3,12,4,2:39 PM,1:10,Pedersen Free Throw 2 of 2 (18 PTS),,,88 - 82,-6,4,202653,Kayla Pedersen,1611661321.0,Tulsa,Shock,TUL,0,0,,,,,,0,0,,,,,,0
1021100036,463,9,2,4,2:40 PM,1:10,,,Liberty Timeout: Short (Reg.3 Short 2),,,3,1611661313,,,,,,0,0,,,,,,0,0,,,,,,0
1021100036,466,1,1,4,2:41 PM,0:46,,,Vaughn 13' Jump Shot (24 PTS) (Pondexter 10 AST),90 - 82,-8,5,201913,Kia Vaughn,1611661313.0,New York,Liberty,NYL,5,200665,Cappie Pondexter,1611661313.0,New York,Liberty,NYL,0,0,,,,,,0
1021100036,467,2,1,4,2:41 PM,0:36,MISS Lacy  3PT Jump Shot,,,,,4,101080,Jennifer Lacy,1611661321.0,Tulsa,Shock,TUL,0,0,,,,,,0,0,,,,,,0
1021100036,468,4,0,4,2:41 PM,0:33,,,Vaughn REBOUND (Off:5 Def:7),,,5,201913,Kia Vaughn,1611661313.0,New York,Liberty,NYL,0,0,,,,,,0,0,,,,,,0
1021100036,469,6,1,4,2:42 PM,0:28,Reed P.FOUL (P1.PN),,,,,4,202665,Chastity Reed,1611661321.0,Tulsa,Shock,TUL,5,200665,Cappie Pondexter,1611661313.0,New York,Liberty,NYL,1,0,,,,,,0
1021100036,470,3,11,4,2:42 PM,0:28,,,Pondexter Free Throw 1 of 2 (22 PTS),91 - 82,-9,5,200665,Cappie Pondexter,1611661313.0,New York,Liberty,NYL,0,0,,,,,,0,0,,,,,,0
1021100036,471,3,12,4,2:43 PM,0:28,,,Pondexter Free Throw 2 of 2 (23 PTS),92 - 82,-10,5,200665,Cappie Pondexter,1611661313.0,New York,Liberty,NYL,0,0,,,,,,0,0,,,,,,0
1021100036,473,2,1,4,2:43 PM,0:19,MISS Latta 10' Jump Shot,,,,,4,201056,Ivory Latta,1611661321.0,Tulsa,Shock,TUL,0,0,,,,,,0,0,,,,,,0
1021100036,474,4,0,4,2:43 PM,0:18,,,Carson REBOUND (Off:2 Def:2),,,5,201502,Essence Carson,1611661313.0,New York,Liberty,NYL,0,0,,,,,,0,0,,,,,,0
1021100036,475,6,1,4,2:43 PM,0:18,Pedersen P.FOUL (P4.PN),,,,,4,202653,Kayla Pedersen,1611661321.0,Tulsa,Shock,TUL,5,201502,Essence Carson,1611661313.0,New York,Liberty,NYL,1,0,,,,,,0
1021100036,476,3,11,4,2:43 PM,0:18,,,Carson Free Throw 1 of 2 (11 PTS),93 - 82,-11,5,201502,Essence Carson,1611661313.0,New York,Liberty,NYL,0,0,,,,,,0,0,,,,,,0
1021100036,478,3,12,4,2:43 PM,0:18,,,Carson Free Throw 2 of 2 (12 PTS),94 - 82,-12,5,201502,Essence Carson,1611661313.0,New York,Liberty,NYL,0,0,,,,,,0,0,,,,,,0
1021100036,480,5,1,4,2:44 PM,0:08,Latta Bad Pass Turnover (P4.T18),,Mitchell STEAL (3 STL),,,4,201056,Ivory Latta,1611661321.0,Tulsa,Shock,TUL,5,201507,Leilani Mitchell,1611661313.0,New York,Liberty,NYL,0,0,,,,,,0
1021100036,481,13,0,4,2:44 PM,0:00,,End of 4th Period (2:44 PM EST),,94 - 82,-12,0,0,,,,,,0,0,,,,,,0,0,,,,,,0
