GAME_ID,EVENTNUM,EVENTMSGTYPE,EVENTMSGACTIONTYPE,PERIOD,WCTIMESTRING,PCTIMESTRING,HOMEDESCRIPTION,NEUTRALDESCRIPTION,VISITORDESCRIPTION,SCORE,SCOREMARGIN,PERSON1TYPE,PLAYER1_ID,PLAYER1_NAME,PLAYER1_TEAM_ID,PLAYER1_TEAM_CITY,PLAYER1_TEAM_NICKNAME,PLAYER1_TEAM_ABBREVIATION,PERSON2TYPE,PLAYER2_ID,PLAYER2_NAME,PLAYER2_TEAM_ID,PLAYER2_TEAM_CITY,PLAYER2_TEAM_NICKNAME,PLAYER2_TEAM_ABBREVIATION,PERSON3TYPE,PLAYER3_ID,PLAYER3_NAME,PLAYER3_TEAM_ID,PLAYER3_TEAM_CITY,PLAYER3_TEAM_NICKNAME,PLAYER3_TEAM_ABBREVIATION,VIDEO_AVAILABLE_FLAG
1020800086,0,12,0,1,10:31 PM,10:00,,Start of 1st Period (10:31 PM EST),,,,0,0,,,,,,0,0,,,,,,0,0,,,,,,0
1020800086,1,10,0,1,10:31 PM,10:00,Jump Ball Leslie vs. Jackson: Tip to Griffith,,,,,4,100003,Lisa Leslie,1611661320.0,Los Angeles,Sparks,LAS,5,100682,Lauren Jackson,1611661328.0,Seattle,Storm,SEA,5,100419,Yolanda Griffith,1611661328.0,Seattle,Storm,SEA,0
1020800086,2,5,1,1,10:32 PM,9:54,Ferdinand-Harris STEAL (1 STL),,Bird Bad Pass Turnover (P1.T1),,,5,100720,Sue Bird,1611661328.0,Seattle,Storm,SEA,4,100685,Marie Ferdinand-Harris,1611661320.0,Los Angeles,Sparks,LAS,0,0,,,,,,0
1020800086,3,1,5,1,10:32 PM,9:49,Ferdinand-Harris  Layup (2 PTS),,,0 - 2,2,4,100685,Marie Ferdinand-Harris,1611661320.0,Los Angeles,Sparks,LAS,0,0,,,,,,0,0,,,,,,0
1020800086,4,1,47,1,10:32 PM,9:22,,,Jackson 12' Turnaround Jump Shot (2 PTS) (Swoopes 1 AST),2 - 2,TIE,5,100682,Lauren Jackson,1611661328.0,Seattle,Storm,SEA,5,100072,Sheryl Swoopes,1611661328.0,Seattle,Storm,SEA,0,0,,,,,,0
1020800086,5,1,44,1,10:32 PM,9:04,Leslie  Reverse Layup (2 PTS) (Brown 1 AST),,,2 - 4,2,4,100003,Lisa Leslie,1611661320.0,Los Angeles,Sparks,LAS,4,100651,Kiesha Brown,1611661320.0,Los Angeles,Sparks,LAS,0,0,,,,,,0
1020800086,6,2,1,1,10:33 PM,8:44,,,MISS Cash 15' Jump Shot,,,5,100721,Swin Cash,1611661328.0,Seattle,Storm,SEA,0,0,,,,,,0,0,,,,,,0
1020800086,7,4,0,1,10:33 PM,8:43,SPARKS Rebound,,,,,2,1611661320,,,,,,0,0,,,,,,0,0,,,,,,0
1020800086,8,6,1,1,10:33 PM,8:31,,,Griffith P.FOUL (P1.T1),,,5,100419,Yolanda Griffith,1611661328.0,Seattle,Storm,SEA,4,100003,Lisa Leslie,1611661320.0,Los Angeles,Sparks,LAS,1,0,,,,,,0
1020800086,9,7,5,1,10:33 PM,8:26,,,Bird Violation:Kicked Ball,,,5,100720,Sue Bird,1611661328.0,Seattle,Storm,SEA,0,0,,,,,,1,0,,,,,,0
1020800086,10,5,11,1,10:34 PM,8:12,SPARKS Turnover: Shot Clock (T#1),,,,,2,1611661320,,,,,,0,0,,,,,,1,0,,,,,,0
1020800086,11,1,47,1,10:35 PM,7:50,,,Griffith 7' Turnaround Jump Shot (2 PTS) (Cash 1 AST),4 - 4,TIE,5,100419,Yolanda Griffith,1611661328.0,Seattle,Storm,SEA,5,100721,Swin Cash,1611661328.0,Seattle,Storm,SEA,0,0,,,,,,0
1020800086,12,1,1,1,10:35 PM,7:40,Parker  3PT Jump Shot (3 PTS) (Ferdinand-Harris 1 AST),,,4 - 7,3,4,201496,Candace Parker,1611661320.0,Los Angeles,Sparks,LAS,4,100685,Marie Ferdinand-Harris,1611661320.0,Los Angeles,Sparks,LAS,0,0,,,,,,0
1020800086,13,2,1,1,10:35 PM,7:21,Parker BLOCK (1 BLK),,MISS Cash 4' Jump Shot,,,5,100721,Swin Cash,1611661328.0,Seattle,Storm,SEA,0,0,,,,,,4,201496,Candace Parker,1611661320.0,Los Angeles,Sparks,LAS,0
1020800086,14,4,0,1,10:35 PM,7:21,,,Storm Rebound,,,3,1611661328,,,,,,0,0,,,,,,0,0,,,,,,0
1020800086,15,1,74,1,10:35 PM,7:18,,,Cash  Running Reverse Layup (2 PTS) (Swoopes 2 AST),6 - 7,1,5,100721,Swin Cash,1611661328.0,Seattle,Storm,SEA,5,100072,Sheryl Swoopes,1611661328.0,Seattle,Storm,SEA,0,0,,,,,,0
1020800086,16,1,1,1,10:36 PM,6:59,Brown 17' Jump Shot (2 PTS) (Parker 1 AST),,,6 - 9,3,4,100651,Kiesha Brown,1611661320.0,Los Angeles,Sparks,LAS,4,201496,Candace Parker,1611661320.0,Los Angeles,Sparks,LAS,0,0,,,,,,0
1020800086,17,5,1,1,10:36 PM,6:48,Milton-Jones STEAL (1 STL),,Bird Bad Pass Turnover (P2.T2),,,5,100720,Sue Bird,1611661328.0,Seattle,Storm,SEA,4,100396,DeLisha Milton-Jones,1611661320.0,Los Angeles,Sparks,LAS,0,0,,,,,,0
1020800086,18,5,1,1,10:36 PM,6:41,Milton-Jones Bad Pass Turnover (P1.T2),,Jackson STEAL (1 STL),,,4,100396,DeLisha Milton-Jones,1611661320.0,Los Angeles,Sparks,LAS,5,100682,Lauren Jackson,1611661328.0,Seattle,Storm,SEA,0,0,,,,,,0
1020800086,19,2,1,1,10:37 PM,6:35,,,MISS Jackson  3PT Jump Shot,,,5,100682,Lauren Jackson,1611661328.0,Seattle,Storm,SEA,0,0,,,,,,0,0,,,,,,0
1020800086,20,4,0,1,10:37 PM,6:33,Brown REBOUND (Off:0 Def:1),,,,,4,100651,Kiesha Brown,1611661320.0,Los Angeles,Sparks,LAS,0,0,,,,,,0,0,,,,,,0
1020800086,21,2,58,1,10:37 PM,6:21,MISS Leslie 8' Turnaround Hook Shot,,,,,4,100003,Lisa Leslie,1611661320.0,Los Angeles,Sparks,LAS,0,0,,,,,,0,0,,,,,,0
1020800086,22,4,0,1,10:37 PM,6:18,,,Swoopes REBOUND (Off:0 Def:1),,,5,100072,Sheryl Swoopes,1611661328.0,Seattle,Storm,SEA,0,0,,,,,,0,0,,,,,,0
1020800086,23,1,5,1,10:37 PM,6:13,,,Griffith  Layup (4 PTS) (Bird 1 AST),8 - 9,1,5,100419,Yolanda Griffith,1611661328.0,Seattle,Storm,SEA,5,100720,Sue Bird,1611661328.0,Seattle,Storm,SEA,0,0,,,,,,0
1020800086,24,2,5,1,10:37 PM,5:54,MISS Leslie  Layup,,,,,4,100003,Lisa Leslie,1611661320.0,Los Angeles,Sparks,LAS,0,0,,,,,,0,0,,,,,,0
1020800086,25,4,0,1,10:37 PM,5:53,Milton-Jones REBOUND (Off:1 Def:0),,,,,4,100396,DeLisha Milton-Jones,1611661320.0,Los Angeles,Sparks,LAS,0,0,,,,,,0,0,,,,,,0
1020800086,26,1,1,1,10:37 PM,5:48,Milton-Jones  3PT Jump Shot (3 PTS),,,8 - 12,4,4,100396,DeLisha Milton-Jones,1611661320.0,Los Angeles,Sparks,LAS,0,0,,,,,,0,0,,,,,,0
1020800086,27,6,1,1,10:38 PM,5:32,Milton-Jones P.FOUL (P1.T1),,,,,4,100396,DeLisha Milton-Jones,1611661320.0,Los Angeles,Sparks,LAS,5,100682,Lauren Jackson,1611661328.0,Seattle,Storm,SEA,1,0,,,,,,0
1020800086,28,8,0,1,10:38 PM,5:32,,,SUB: Wright FOR Cash,,,5,100721,Swin Cash,1611661328.0,Seattle,Storm,SEA,5,101030,Tanisha Wright,1611661328.0,Seattle,Storm,SEA,0,0,,,,,,0
1020800086,29,1,1,1,10:38 PM,5:24,,,Bird  3PT Jump Shot (3 PTS),11 - 12,1,5,100720,Sue Bird,1611661328.0,Seattle,Storm,SEA,0,0,,,,,,0,0,,,,,,0
1020800086,30,1,1,1,10:39 PM,5:10,Ferdinand-Harris  3PT Jump Shot (5 PTS) (Brown 2 AST),,,11 - 15,4,4,100685,Marie Ferdinand-Harris,1611661320.0,Los Angeles,Sparks,LAS,4,100651,Kiesha Brown,1611661320.0,Los Angeles,Sparks,LAS,0,0,,,,,,0
1020800086,31,6,2,1,10:39 PM,4:45,Ferdinand-Harris S.FOUL (P1.T2),,,,,4,100685,Marie Ferdinand-Harris,1611661320.0,Los Angeles,Sparks,LAS,5,100072,Sheryl Swoopes,1611661328.0,Seattle,Storm,SEA,1,0,,,,,,0
1020800086,32,9,4,1,10:39 PM,4:45,,Timeout: Official,,,,1,0,,,,,,0,0,,,,,,0,0,,,,,,0
1020800086,35,8,0,1,10:42 PM,4:45,SUB: Johnson FOR Brown,,,,,4,100651,Kiesha Brown,1611661320.0,Los Angeles,Sparks,LAS,4,101024,Temeka Johnson,1611661320.0,Los Angeles,Sparks,LAS,0,0,,,,,,0
1020800086,36,8,0,1,10:42 PM,4:45,,,SUB: Robinson FOR Griffith,,,5,100419,Yolanda Griffith,1611661328.0,Seattle,Storm,SEA,5,100942,Ashley Robinson,1611661328.0,Seattle,Storm,SEA,0,0,,,,,,0
1020800086,37,3,11,1,10:42 PM,4:45,,,Swoopes Free Throw 1 of 2 (1 PTS),12 - 15,3,5,100072,Sheryl Swoopes,1611661328.0,Seattle,Storm,SEA,0,0,,,,,,0,0,,,,,,0
1020800086,38,3,12,1,10:42 PM,4:45,,,Swoopes Free Throw 2 of 2 (2 PTS),13 - 15,2,5,100072,Sheryl Swoopes,1611661328.0,Seattle,Storm,SEA,0,0,,,,,,0,0,,,,,,0
1020800086,39,2,5,1,10:43 PM,4:26,MISS Johnson  Layup,,,,,4,101024,Temeka Johnson,1611661320.0,Los Angeles,Sparks,LAS,0,0,,,,,,0,0,,,,,,0
1020800086,40,4,0,1,10:43 PM,4:25,,,Jackson REBOUND (Off:0 Def:1),,,5,100682,Lauren Jackson,1611661328.0,Seattle,Storm,SEA,0,0,,,,,,0,0,,,,,,0
1020800086,41,6,2,1,10:43 PM,4:17,Milton-Jones S.FOUL (P2.T3),,,,,4,100396,DeLisha Milton-Jones,1611661320.0,Los Angeles,Sparks,LAS,5,100682,Lauren Jackson,1611661328.0,Seattle,Storm,SEA,1,0,,,,,,0
1020800086,42,3,11,1,10:43 PM,4:17,,,Jackson Free Throw 1 of 2 (3 PTS),14 - 15,1,5,100682,Lauren Jackson,1611661328.0,Seattle,Storm,SEA,0,0,,,,,,0,0,,,,,,0
1020800086,43,8,0,1,10:43 PM,4:17,,,SUB: Beck FOR Bird,,,5,100720,Sue Bird,1611661328.0,Seattle,Storm,SEA,5,201517,Kimberly Beck,1611661328.0,Seattle,Storm,SEA,0,0,,,,,,0
1020800086,44,8,0,1,10:43 PM,4:17,,,SUB: Cash FOR Swoopes,,,5,100072,Sheryl Swoopes,1611661328.0,Seattle,Storm,SEA,5,100721,Swin Cash,1611661328.0,Seattle,Storm,SEA,0,0,,,,,,0
1020800086,45,8,0,1,10:43 PM,4:17,SUB: Masciadri FOR Milton-Jones,,,,,4,100396,DeLisha Milton-Jones,1611661320.0,Los Angeles,Sparks,LAS,4,100988,Raffaella Masciadri,1611661320.0,Los Angeles,Sparks,LAS,0,0,,,,,,0
1020800086,46,3,12,1,10:43 PM,4:17,,,Jackson Free Throw 2 of 2 (4 PTS),15 - 15,TIE,5,100682,Lauren Jackson,1611661328.0,Seattle,Storm,SEA,0,0,,,,,,0,0,,,,,,0
1020800086,48,6,1,1,10:44 PM,4:12,,,Jackson P.FOUL (P1.T2),,,5,100682,Lauren Jackson,1611661328.0,Seattle,Storm,SEA,4,100003,Lisa Leslie,1611661320.0,Los Angeles,Sparks,LAS,1,0,,,,,,0
1020800086,49,2,5,1,10:44 PM,4:04,MISS Leslie  Layup,,,,,4,100003,Lisa Leslie,1611661320.0,Los Angeles,Sparks,LAS,0,0,,,,,,0,0,,,,,,0
1020800086,50,4,0,1,10:44 PM,4:03,,,Wright REBOUND (Off:0 Def:1),,,5,101030,Tanisha Wright,1611661328.0,Seattle,Storm,SEA,0,0,,,,,,0,0,,,,,,0
1020800086,51,2,5,1,10:44 PM,3:47,,,MISS Cash  Layup,,,5,100721,Swin Cash,1611661328.0,Seattle,Storm,SEA,0,0,,,,,,0,0,,,,,,0
1020800086,52,4,0,1,10:44 PM,3:46,Johnson REBOUND (Off:0 Def:1),,,,,4,101024,Temeka Johnson,1611661320.0,Los Angeles,Sparks,LAS,0,0,,,,,,0,0,,,,,,0
1020800086,53,6,1,1,10:45 PM,3:37,,,Wright P.FOUL (P1.T3),,,5,101030,Tanisha Wright,1611661328.0,Seattle,Storm,SEA,4,100685,Marie Ferdinand-Harris,1611661320.0,Los Angeles,Sparks,LAS,1,0,,,,,,0
1020800086,54,2,1,1,10:45 PM,3:23,MISS Leslie 6' Jump Shot,,,,,4,100003,Lisa Leslie,1611661320.0,Los Angeles,Sparks,LAS,0,0,,,,,,0,0,,,,,,0
1020800086,55,4,0,1,10:45 PM,3:21,,,Jackson REBOUND (Off:0 Def:2),,,5,100682,Lauren Jackson,1611661328.0,Seattle,Storm,SEA,0,0,,,,,,0,0,,,,,,0
1020800086,56,2,47,1,10:46 PM,3:03,,,MISS Wright 8' Turnaround Jump Shot,,,5,101030,Tanisha Wright,1611661328.0,Seattle,Storm,SEA,0,0,,,,,,0,0,,,,,,0
1020800086,57,8,0,1,10:46 PM,3:01,SUB: Thomas FOR Leslie,,,,,4,100003,Lisa Leslie,1611661320.0,Los Angeles,Sparks,LAS,4,100930,Christi Thomas,1611661320.0,Los Angeles,Sparks,LAS,0,0,,,,,,0
1020800086,60,8,0,1,10:46 PM,3:01,,,SUB: Ely-Gash FOR Beck,,,5,201517,Kimberly Beck,1611661328.0,Seattle,Storm,SEA,5,101032,Shyra Ely-Gash,1611661328.0,Seattle,Storm,SEA,0,0,,,,,,0
1020800086,62,8,0,1,10:46 PM,3:01,,,SUB: Griffith FOR Robinson,,,5,100942,Ashley Robinson,1611661328.0,Seattle,Storm,SEA,5,100419,Yolanda Griffith,1611661328.0,Seattle,Storm,SEA,0,0,,,,,,0
1020800086,63,10,0,1,10:46 PM,3:01,Jump Ball Parker vs. Jackson: Tip to Ely-Gash,,,,,4,201496,Candace Parker,1611661320.0,Los Angeles,Sparks,LAS,5,100682,Lauren Jackson,1611661328.0,Seattle,Storm,SEA,5,101032,Shyra Ely-Gash,1611661328.0,Seattle,Storm,SEA,0
1020800086,64,4,0,1,10:46 PM,3:01,,,Storm Rebound,,,3,1611661328,,,,,,0,0,,,,,,0,0,,,,,,0
1020800086,66,6,2,1,10:47 PM,2:48,Thomas S.FOUL (P1.T4),,,,,4,100930,Christi Thomas,1611661320.0,Los Angeles,Sparks,LAS,5,100419,Yolanda Griffith,1611661328.0,Seattle,Storm,SEA,1,0,,,,,,0
1020800086,67,3,11,1,10:47 PM,2:48,,,MISS Griffith Free Throw 1 of 2,,,5,100419,Yolanda Griffith,1611661328.0,Seattle,Storm,SEA,0,0,,,,,,0,0,,,,,,0
1020800086,68,4,1,1,10:47 PM,2:48,,,Storm Rebound,,,3,1611661328,,,,,,0,0,,,,,,0,0,,,,,,0
1020800086,69,8,0,1,10:47 PM,2:48,,,SUB: Bird FOR Jackson,,,5,100682,Lauren Jackson,1611661328.0,Seattle,Storm,SEA,5,100720,Sue Bird,1611661328.0,Seattle,Storm,SEA,0,0,,,,,,0
1020800086,70,3,12,1,10:47 PM,2:48,,,MISS Griffith Free Throw 2 of 2,,,5,100419,Yolanda Griffith,1611661328.0,Seattle,Storm,SEA,0,0,,,,,,0,0,,,,,,0
1020800086,71,4,0,1,10:48 PM,2:47,Parker REBOUND (Off:0 Def:1),,,,,4,201496,Candace Parker,1611661320.0,Los Angeles,Sparks,LAS,0,0,,,,,,0,0,,,,,,0
1020800086,72,2,1,1,10:48 PM,2:28,MISS Ferdinand-Harris  3PT Jump Shot,,,,,4,100685,Marie Ferdinand-Harris,1611661320.0,Los Angeles,Sparks,LAS,0,0,,,,,,0,0,,,,,,0
1020800086,73,4,0,1,10:48 PM,2:26,SPARKS Rebound,,,,,2,1611661320,,,,,,0,0,,,,,,0,0,,,,,,0
1020800086,74,6,3,1,10:48 PM,2:26,,,Griffith L.B.FOUL (P2.T4),,,5,100419,Yolanda Griffith,1611661328.0,Seattle,Storm,SEA,4,100930,Christi Thomas,1611661320.0,Los Angeles,Sparks,LAS,1,0,,,,,,0
1020800086,75,2,5,1,10:49 PM,2:09,MISS Thomas  Layup,,,,,4,100930,Christi Thomas,1611661320.0,Los Angeles,Sparks,LAS,0,0,,,,,,0,0,,,,,,0
1020800086,76,4,0,1,10:49 PM,2:07,,,Griffith REBOUND (Off:0 Def:1),,,5,100419,Yolanda Griffith,1611661328.0,Seattle,Storm,SEA,0,0,,,,,,0,0,,,,,,0
1020800086,78,1,1,1,10:49 PM,1:47,,,Cash 18' Jump Shot (4 PTS) (Bird 2 AST),17 - 15,-2,5,100721,Swin Cash,1611661328.0,Seattle,Storm,SEA,5,100720,Sue Bird,1611661328.0,Seattle,Storm,SEA,0,0,,,,,,0
1020800086,79,1,1,1,10:49 PM,1:31,Ferdinand-Harris 18' Jump Shot (7 PTS) (Masciadri 1 AST),,,17 - 17,TIE,4,100685,Marie Ferdinand-Harris,1611661320.0,Los Angeles,Sparks,LAS,4,100988,Raffaella Masciadri,1611661320.0,Los Angeles,Sparks,LAS,0,0,,,,,,0
1020800086,80,5,1,1,10:49 PM,1:19,,,Griffith Bad Pass Turnover (P1.T3),,,5,100419,Yolanda Griffith,1611661328.0,Seattle,Storm,SEA,0,0,,,,,,0,0,,,,,,0
1020800086,81,8,0,1,10:50 PM,1:19,,,SUB: Gearlds FOR Wright,,,5,101030,Tanisha Wright,1611661328.0,Seattle,Storm,SEA,5,201052,Katie Gearlds,1611661328.0,Seattle,Storm,SEA,0,0,,,,,,0
1020800086,82,8,0,1,10:50 PM,1:19,,,SUB: Swoopes FOR Griffith,,,5,100419,Yolanda Griffith,1611661328.0,Seattle,Storm,SEA,5,100072,Sheryl Swoopes,1611661328.0,Seattle,Storm,SEA,0,0,,,,,,0
1020800086,83,2,5,1,10:50 PM,1:00,MISS Parker  Layup,,,,,4,201496,Candace Parker,1611661320.0,Los Angeles,Sparks,LAS,0,0,,,,,,0,0,,,,,,0
1020800086,84,4,0,1,10:50 PM,0:59,,,Swoopes REBOUND (Off:0 Def:2),,,5,100072,Sheryl Swoopes,1611661328.0,Seattle,Storm,SEA,0,0,,,,,,0,0,,,,,,0
1020800086,85,2,5,1,10:50 PM,0:52,Thomas BLOCK (1 BLK),,MISS Ely-Gash  Layup,,,5,101032,Shyra Ely-Gash,1611661328.0,Seattle,Storm,SEA,0,0,,,,,,4,100930,Christi Thomas,1611661320.0,Los Angeles,Sparks,LAS,0
1020800086,86,4,0,1,10:50 PM,0:50,Thomas REBOUND (Off:0 Def:1),,,,,4,100930,Christi Thomas,1611661320.0,Los Angeles,Sparks,LAS,0,0,,,,,,0,0,,,,,,0
1020800086,87,5,1,1,10:50 PM,0:42,Ferdinand-Harris Bad Pass Turnover (P1.T3),,,,,4,100685,Marie Ferdinand-Harris,1611661320.0,Los Angeles,Sparks,LAS,0,0,,,,,,0,0,,,,,,0
1020800086,88,8,0,1,10:51 PM,0:42,SUB: Spencer FOR Parker,,,,,4,201496,Candace Parker,1611661320.0,Los Angeles,Sparks,LAS,4,201086,Sidney Spencer,1611661320.0,Los Angeles,Sparks,LAS,0,0,,,,,,0
1020800086,89,8,0,1,10:51 PM,0:42,SUB: Leslie FOR Ferdinand-Harris,,,,,4,100685,Marie Ferdinand-Harris,1611661320.0,Los Angeles,Sparks,LAS,4,100003,Lisa Leslie,1611661320.0,Los Angeles,Sparks,LAS,0,0,,,,,,0
1020800086,90,2,5,1,10:51 PM,0:29,Leslie BLOCK (1 BLK),,MISS Cash  Layup,,,5,100721,Swin Cash,1611661328.0,Seattle,Storm,SEA,0,0,,,,,,4,100003,Lisa Leslie,1611661320.0,Los Angeles,Sparks,LAS,0
1020800086,91,4,0,1,10:51 PM,0:28,Leslie REBOUND (Off:0 Def:1),,,,,4,100003,Lisa Leslie,1611661320.0,Los Angeles,Sparks,LAS,0,0,,,,,,0,0,,,,,,0
1020800086,92,6,2,1,10:51 PM,0:14,,,Swoopes S.FOUL (P1.PN),,,5,100072,Sheryl Swoopes,1611661328.0,Seattle,Storm,SEA,4,100003,Lisa Leslie,1611661320.0,Los Angeles,Sparks,LAS,1,0,,,,,,0
1020800086,94,8,0,1,10:52 PM,0:14,,,SUB: Jackson FOR Ely-Gash,,,5,101032,Shyra Ely-Gash,1611661328.0,Seattle,Storm,SEA,5,100682,Lauren Jackson,1611661328.0,Seattle,Storm,SEA,0,0,,,,,,0
1020800086,95,3,11,1,10:52 PM,0:14,Leslie Free Throw 1 of 2 (3 PTS),,,17 - 18,1,4,100003,Lisa Leslie,1611661320.0,Los Angeles,Sparks,LAS,0,0,,,,,,0,0,,,,,,0
1020800086,96,8,0,1,10:52 PM,0:14,SUB: Bobbitt FOR Johnson,,,,,4,101024,Temeka Johnson,1611661320.0,Los Angeles,Sparks,LAS,4,201497,Shannon Bobbitt,1611661320.0,Los Angeles,Sparks,LAS,0,0,,,,,,0
1020800086,97,3,12,1,10:52 PM,0:14,MISS Leslie Free Throw 2 of 2,,,,,4,100003,Lisa Leslie,1611661320.0,Los Angeles,Sparks,LAS,0,0,,,,,,0,0,,,,,,0
1020800086,98,4,0,1,10:52 PM,0:13,,,Cash REBOUND (Off:0 Def:1),,,5,100721,Swin Cash,1611661328.0,Seattle,Storm,SEA,0,0,,,,,,0,0,,,,,,0
1020800086,99,6,1,1,10:52 PM,0:05,Bobbitt P.FOUL (P1.PN),,,,,4,201497,Shannon Bobbitt,1611661320.0,Los Angeles,Sparks,LAS,5,100720,Sue Bird,1611661328.0,Seattle,Storm,SEA,1,0,,,,,,0
1020800086,100,3,11,1,10:53 PM,0:05,,,Bird Free Throw 1 of 2 (4 PTS),18 - 18,TIE,5,100720,Sue Bird,1611661328.0,Seattle,Storm,SEA,0,0,,,,,,0,0,,,,,,0
1020800086,101,3,12,1,10:53 PM,0:05,,,Bird Free Throw 2 of 2 (5 PTS),19 - 18,-1,5,100720,Sue Bird,1611661328.0,Seattle,Storm,SEA,0,0,,,,,,0,0,,,,,,0
1020800086,102,2,1,1,10:53 PM,0:00,MISS Bobbitt 34' 3PT Jump Shot,,,,,4,201497,Shannon Bobbitt,1611661320.0,Los Angeles,Sparks,LAS,0,0,,,,,,0,0,,,,,,0
1020800086,103,4,0,1,10:53 PM,0:00,SPARKS Rebound,,,,,2,1611661320,,,,,,0,0,,,,,,0,0,,,,,,0
1020800086,104,13,0,1,10:53 PM,0:00,,End of 1st Period (10:53 PM EST),,19 - 18,-1,0,0,,,,,,0,0,,,,,,0,0,,,,,,0
1020800086,106,12,0,2,10:57 PM,10:00,,Start of 2nd Period (10:57 PM EST),,19 - 18,-1,0,0,,,,,,0,0,,,,,,0,0,,,,,,0
1020800086,107,1,75,2,10:57 PM,9:50,Masciadri  Driving Finger Roll Layup (2 PTS) (Bobbitt 1 AST),,,19 - 20,1,4,100988,Raffaella Masciadri,1611661320.0,Los Angeles,Sparks,LAS,4,201497,Shannon Bobbitt,1611661320.0,Los Angeles,Sparks,LAS,0,0,,,,,,0
1020800086,108,2,1,2,10:57 PM,9:35,,,MISS Jackson 9' Jump Shot,,,5,100682,Lauren Jackson,1611661328.0,Seattle,Storm,SEA,0,0,,,,,,0,0,,,,,,0
1020800086,109,4,0,2,10:57 PM,9:34,Thomas REBOUND (Off:0 Def:2),,,,,4,100930,Christi Thomas,1611661320.0,Los Angeles,Sparks,LAS,0,0,,,,,,0,0,,,,,,0
1020800086,110,8,0,2,10:57 PM,9:23,SUB: Milton-Jones FOR Thomas,,,,,4,100930,Christi Thomas,1611661320.0,Los Angeles,Sparks,LAS,4,100396,DeLisha Milton-Jones,1611661320.0,Los Angeles,Sparks,LAS,0,0,,,,,,0
1020800086,111,2,1,2,10:58 PM,9:12,MISS Masciadri  3PT Jump Shot,,,,,4,100988,Raffaella Masciadri,1611661320.0,Los Angeles,Sparks,LAS,0,0,,,,,,0,0,,,,,,0
1020800086,112,4,0,2,10:58 PM,9:11,,,Jackson REBOUND (Off:0 Def:3),,,5,100682,Lauren Jackson,1611661328.0,Seattle,Storm,SEA,0,0,,,,,,0,0,,,,,,0
1020800086,113,1,42,2,10:58 PM,8:53,,,Bird  Driving Layup (7 PTS),21 - 20,-1,5,100720,Sue Bird,1611661328.0,Seattle,Storm,SEA,0,0,,,,,,0,0,,,,,,0
1020800086,114,1,43,2,10:58 PM,8:42,Milton-Jones  Alley Oop Layup (5 PTS) (Leslie 1 AST),,,21 - 22,1,4,100396,DeLisha Milton-Jones,1611661320.0,Los Angeles,Sparks,LAS,4,100003,Lisa Leslie,1611661320.0,Los Angeles,Sparks,LAS,0,0,,,,,,0
1020800086,115,2,47,2,10:59 PM,8:23,,,MISS Swoopes 10' Turnaround Jump Shot,,,5,100072,Sheryl Swoopes,1611661328.0,Seattle,Storm,SEA,0,0,,,,,,0,0,,,,,,0
1020800086,116,4,0,2,10:59 PM,8:21,Leslie REBOUND (Off:0 Def:2),,,,,4,100003,Lisa Leslie,1611661320.0,Los Angeles,Sparks,LAS,0,0,,,,,,0,0,,,,,,0
1020800086,117,1,5,2,10:59 PM,8:14,Milton-Jones  Layup (7 PTS) (Bobbitt 2 AST),,,21 - 24,3,4,100396,DeLisha Milton-Jones,1611661320.0,Los Angeles,Sparks,LAS,4,201497,Shannon Bobbitt,1611661320.0,Los Angeles,Sparks,LAS,0,0,,,,,,0
1020800086,118,9,1,2,10:59 PM,8:12,,,Storm Timeout: Regular (Reg.1 Short 0),,,3,1611661328,,,,,,0,0,,,,,,0,0,,,,,,0
1020800086,122,2,1,2,11:01 PM,8:03,,,MISS Jackson  3PT Jump Shot,,,5,100682,Lauren Jackson,1611661328.0,Seattle,Storm,SEA,0,0,,,,,,0,0,,,,,,0
1020800086,123,4,0,2,11:01 PM,8:02,,,Storm Rebound,,,3,1611661328,,,,,,0,0,,,,,,0,0,,,,,,0
1020800086,124,6,3,2,11:02 PM,8:02,Spencer L.B.FOUL (P1.T1),,,,,4,201086,Sidney Spencer,1611661320.0,Los Angeles,Sparks,LAS,5,201052,Katie Gearlds,1611661328.0,Seattle,Storm,SEA,1,0,,,,,,0
1020800086,125,8,0,2,11:02 PM,8:02,SUB: Brown FOR Bobbitt,,,,,4,201497,Shannon Bobbitt,1611661320.0,Los Angeles,Sparks,LAS,4,100651,Kiesha Brown,1611661320.0,Los Angeles,Sparks,LAS,0,0,,,,,,0
1020800086,126,1,1,2,11:02 PM,7:53,,,Cash 18' Jump Shot (6 PTS) (Swoopes 3 AST),23 - 24,1,5,100721,Swin Cash,1611661328.0,Seattle,Storm,SEA,5,100072,Sheryl Swoopes,1611661328.0,Seattle,Storm,SEA,0,0,,,,,,0
1020800086,127,2,1,2,11:02 PM,7:35,MISS Brown 10' Jump Shot,,,,,4,100651,Kiesha Brown,1611661320.0,Los Angeles,Sparks,LAS,0,0,,,,,,0,0,,,,,,0
1020800086,128,4,0,2,11:02 PM,7:34,,,Bird REBOUND (Off:0 Def:1),,,5,100720,Sue Bird,1611661328.0,Seattle,Storm,SEA,0,0,,,,,,0,0,,,,,,0
1020800086,129,2,5,2,11:02 PM,7:29,,,MISS Cash  Layup,,,5,100721,Swin Cash,1611661328.0,Seattle,Storm,SEA,0,0,,,,,,0,0,,,,,,0
1020800086,130,4,0,2,11:02 PM,7:28,Leslie REBOUND (Off:0 Def:3),,,,,4,100003,Lisa Leslie,1611661320.0,Los Angeles,Sparks,LAS,0,0,,,,,,0,0,,,,,,0
1020800086,131,2,5,2,11:03 PM,7:17,MISS Milton-Jones  Layup,,Cash BLOCK (1 BLK),,,4,100396,DeLisha Milton-Jones,1611661320.0,Los Angeles,Sparks,LAS,0,0,,,,,,5,100721,Swin Cash,1611661328.0,Seattle,Storm,SEA,0
1020800086,132,4,0,2,11:03 PM,7:15,,,Cash REBOUND (Off:0 Def:2),,,5,100721,Swin Cash,1611661328.0,Seattle,Storm,SEA,0,0,,,,,,0,0,,,,,,0
1020800086,133,1,42,2,11:03 PM,7:02,,,Swoopes  Driving Layup (4 PTS),25 - 24,-1,5,100072,Sheryl Swoopes,1611661328.0,Seattle,Storm,SEA,0,0,,,,,,0,0,,,,,,0
1020800086,134,2,1,2,11:03 PM,6:46,MISS Masciadri  3PT Jump Shot,,,,,4,100988,Raffaella Masciadri,1611661320.0,Los Angeles,Sparks,LAS,0,0,,,,,,0,0,,,,,,0
1020800086,135,4,0,2,11:03 PM,6:44,Milton-Jones REBOUND (Off:2 Def:0),,,,,4,100396,DeLisha Milton-Jones,1611661320.0,Los Angeles,Sparks,LAS,0,0,,,,,,0,0,,,,,,0
1020800086,136,2,5,2,11:03 PM,6:43,MISS Milton-Jones  Layup,,Cash BLOCK (2 BLK),,,4,100396,DeLisha Milton-Jones,1611661320.0,Los Angeles,Sparks,LAS,0,0,,,,,,5,100721,Swin Cash,1611661328.0,Seattle,Storm,SEA,0
1020800086,137,4,0,2,11:03 PM,6:40,,,Swoopes REBOUND (Off:0 Def:3),,,5,100072,Sheryl Swoopes,1611661328.0,Seattle,Storm,SEA,0,0,,,,,,0,0,,,,,,0
1020800086,138,2,1,2,11:03 PM,6:34,,,MISS Bird 14' Jump Shot,,,5,100720,Sue Bird,1611661328.0,Seattle,Storm,SEA,0,0,,,,,,0,0,,,,,,0
1020800086,139,4,0,2,11:03 PM,6:32,Milton-Jones REBOUND (Off:2 Def:1),,,,,4,100396,DeLisha Milton-Jones,1611661320.0,Los Angeles,Sparks,LAS,0,0,,,,,,0,0,,,,,,0
1020800086,140,2,5,2,11:04 PM,6:15,MISS Milton-Jones  Layup,,Cash BLOCK (3 BLK),,,4,100396,DeLisha Milton-Jones,1611661320.0,Los Angeles,Sparks,LAS,0,0,,,,,,5,100721,Swin Cash,1611661328.0,Seattle,Storm,SEA,0
1020800086,141,4,0,2,11:04 PM,6:14,,,Cash REBOUND (Off:0 Def:3),,,5,100721,Swin Cash,1611661328.0,Seattle,Storm,SEA,0,0,,,,,,0,0,,,,,,0
1020800086,142,1,1,2,11:04 PM,6:03,,,Gearlds  3PT Jump Shot (3 PTS) (Bird 3 AST),28 - 24,-4,5,201052,Katie Gearlds,1611661328.0,Seattle,Storm,SEA,5,100720,Sue Bird,1611661328.0,Seattle,Storm,SEA,0,0,,,,,,0
1020800086,143,2,1,2,11:04 PM,5:42,MISS Masciadri  3PT Jump Shot,,,,,4,100988,Raffaella Masciadri,1611661320.0,Los Angeles,Sparks,LAS,0,0,,,,,,0,0,,,,,,0
1020800086,144,4,0,2,11:04 PM,5:42,SPARKS Rebound,,,,,2,1611661320,,,,,,0,0,,,,,,0,0,,,,,,0
1020800086,145,6,3,2,11:04 PM,5:42,,,Cash L.B.FOUL (P1.T1),,,5,100721,Swin Cash,1611661328.0,Seattle,Storm,SEA,4,100396,DeLisha Milton-Jones,1611661320.0,Los Angeles,Sparks,LAS,1,0,,,,,,0
1020800086,146,8,0,2,11:05 PM,5:42,SUB: Parker FOR Leslie,,,,,4,100003,Lisa Leslie,1611661320.0,Los Angeles,Sparks,LAS,4,201496,Candace Parker,1611661320.0,Los Angeles,Sparks,LAS,0,0,,,,,,0
1020800086,147,8,0,2,11:05 PM,5:42,SUB: Thomas FOR Masciadri,,,,,4,100988,Raffaella Masciadri,1611661320.0,Los Angeles,Sparks,LAS,4,100930,Christi Thomas,1611661320.0,Los Angeles,Sparks,LAS,0,0,,,,,,0
1020800086,148,8,0,2,11:05 PM,5:42,,,SUB: Robinson FOR Jackson,,,5,100682,Lauren Jackson,1611661328.0,Seattle,Storm,SEA,5,100942,Ashley Robinson,1611661328.0,Seattle,Storm,SEA,0,0,,,,,,0
1020800086,149,8,0,2,11:05 PM,5:42,,,SUB: Wright FOR Cash,,,5,100721,Swin Cash,1611661328.0,Seattle,Storm,SEA,5,101030,Tanisha Wright,1611661328.0,Seattle,Storm,SEA,0,0,,,,,,0
1020800086,150,8,0,2,11:05 PM,5:42,,,SUB: Griffith FOR Swoopes,,,5,100072,Sheryl Swoopes,1611661328.0,Seattle,Storm,SEA,5,100419,Yolanda Griffith,1611661328.0,Seattle,Storm,SEA,0,0,,,,,,0
1020800086,151,8,0,2,11:05 PM,5:42,,,SUB: Ely-Gash FOR Gearlds,,,5,201052,Katie Gearlds,1611661328.0,Seattle,Storm,SEA,5,101032,Shyra Ely-Gash,1611661328.0,Seattle,Storm,SEA,0,0,,,,,,0
1020800086,152,1,42,2,11:05 PM,5:35,Parker  Driving Layup (5 PTS),,,28 - 26,-2,4,201496,Candace Parker,1611661320.0,Los Angeles,Sparks,LAS,0,0,,,,,,0,0,,,,,,0
1020800086,153,5,1,2,11:05 PM,5:13,,,Wright Bad Pass Turnover (P1.T4),,,5,101030,Tanisha Wright,1611661328.0,Seattle,Storm,SEA,0,0,,,,,,0,0,,,,,,0
1020800086,154,2,5,2,11:06 PM,5:00,MISS Parker  Layup,,,,,4,201496,Candace Parker,1611661320.0,Los Angeles,Sparks,LAS,0,0,,,,,,0,0,,,,,,0
1020800086,155,4,0,2,11:06 PM,4:59,Parker REBOUND (Off:1 Def:1),,,,,4,201496,Candace Parker,1611661320.0,Los Angeles,Sparks,LAS,0,0,,,,,,0,0,,,,,,0
1020800086,156,6,2,2,11:06 PM,4:58,,,Robinson S.FOUL (P1.T2),,,5,100942,Ashley Robinson,1611661328.0,Seattle,Storm,SEA,4,201496,Candace Parker,1611661320.0,Los Angeles,Sparks,LAS,1,0,,,,,,0
1020800086,157,3,11,2,11:06 PM,4:58,Parker Free Throw 1 of 2 (6 PTS),,,28 - 27,-1,4,201496,Candace Parker,1611661320.0,Los Angeles,Sparks,LAS,0,0,,,,,,0,0,,,,,,0
1020800086,158,3,12,2,11:06 PM,4:58,Parker Free Throw 2 of 2 (7 PTS),,,28 - 28,TIE,4,201496,Candace Parker,1611661320.0,Los Angeles,Sparks,LAS,0,0,,,,,,0,0,,,,,,0
1020800086,159,6,2,2,11:07 PM,4:43,Thomas S.FOUL (P2.T2),,,,,4,100930,Christi Thomas,1611661320.0,Los Angeles,Sparks,LAS,5,100419,Yolanda Griffith,1611661328.0,Seattle,Storm,SEA,1,0,,,,,,0
1020800086,160,3,11,2,11:07 PM,4:43,,,MISS Griffith Free Throw 1 of 2,,,5,100419,Yolanda Griffith,1611661328.0,Seattle,Storm,SEA,0,0,,,,,,0,0,,,,,,0
1020800086,161,4,1,2,11:07 PM,4:43,,,Storm Rebound,,,3,1611661328,,,,,,0,0,,,,,,0,0,,,,,,0
1020800086,162,8,0,2,11:08 PM,4:43,SUB: Page FOR Thomas,,,,,4,100930,Christi Thomas,1611661320.0,Los Angeles,Sparks,LAS,4,100199,Murriel Page,1611661320.0,Los Angeles,Sparks,LAS,0,0,,,,,,0
1020800086,163,3,12,2,11:08 PM,4:43,,,MISS Griffith Free Throw 2 of 2,,,5,100419,Yolanda Griffith,1611661328.0,Seattle,Storm,SEA,0,0,,,,,,0,0,,,,,,0
1020800086,164,4,0,2,11:08 PM,4:42,Milton-Jones REBOUND (Off:2 Def:2),,,,,4,100396,DeLisha Milton-Jones,1611661320.0,Los Angeles,Sparks,LAS,0,0,,,,,,0,0,,,,,,0
1020800086,165,2,5,2,11:08 PM,4:35,MISS Page  Layup,,Wright BLOCK (1 BLK),,,4,100199,Murriel Page,1611661320.0,Los Angeles,Sparks,LAS,0,0,,,,,,5,101030,Tanisha Wright,1611661328.0,Seattle,Storm,SEA,0
1020800086,166,4,0,2,11:08 PM,4:32,,,Ely-Gash REBOUND (Off:0 Def:1),,,5,101032,Shyra Ely-Gash,1611661328.0,Seattle,Storm,SEA,0,0,,,,,,0,0,,,,,,0
1020800086,167,5,1,2,11:08 PM,4:20,Parker STEAL (1 STL),,Griffith Bad Pass Turnover (P2.T5),,,5,100419,Yolanda Griffith,1611661328.0,Seattle,Storm,SEA,4,201496,Candace Parker,1611661320.0,Los Angeles,Sparks,LAS,0,0,,,,,,0
1020800086,168,2,86,2,11:09 PM,4:05,MISS Parker 15' Turnaround Fadeaway Shot,,,,,4,201496,Candace Parker,1611661320.0,Los Angeles,Sparks,LAS,0,0,,,,,,0,0,,,,,,0
1020800086,169,4,0,2,11:09 PM,4:02,,,Ely-Gash REBOUND (Off:0 Def:2),,,5,101032,Shyra Ely-Gash,1611661328.0,Seattle,Storm,SEA,0,0,,,,,,0,0,,,,,,0
1020800086,170,2,78,2,11:09 PM,3:49,,,MISS Wright 10' Floating Jump Shot,,,5,101030,Tanisha Wright,1611661328.0,Seattle,Storm,SEA,0,0,,,,,,0,0,,,,,,0
1020800086,171,4,0,2,11:09 PM,3:45,Parker REBOUND (Off:1 Def:2),,,,,4,201496,Candace Parker,1611661320.0,Los Angeles,Sparks,LAS,0,0,,,,,,0,0,,,,,,0
1020800086,172,2,1,2,11:09 PM,3:37,MISS Milton-Jones 20' Jump Shot,,,,,4,100396,DeLisha Milton-Jones,1611661320.0,Los Angeles,Sparks,LAS,0,0,,,,,,0,0,,,,,,0
1020800086,173,4,0,2,11:09 PM,3:36,,,Robinson REBOUND (Off:0 Def:1),,,5,100942,Ashley Robinson,1611661328.0,Seattle,Storm,SEA,0,0,,,,,,0,0,,,,,,0
1020800086,174,5,2,2,11:09 PM,3:16,Page STEAL (1 STL),,Bird Lost Ball Turnover (P3.T6),,,5,100720,Sue Bird,1611661328.0,Seattle,Storm,SEA,4,100199,Murriel Page,1611661320.0,Los Angeles,Sparks,LAS,0,0,,,,,,0
1020800086,175,8,0,2,11:10 PM,3:16,,,SUB: Cash FOR Griffith,,,5,100419,Yolanda Griffith,1611661328.0,Seattle,Storm,SEA,5,100721,Swin Cash,1611661328.0,Seattle,Storm,SEA,0,0,,,,,,0
1020800086,176,8,0,2,11:10 PM,3:16,,,SUB: Swoopes FOR Robinson,,,5,100942,Ashley Robinson,1611661328.0,Seattle,Storm,SEA,5,100072,Sheryl Swoopes,1611661328.0,Seattle,Storm,SEA,0,0,,,,,,0
1020800086,177,8,0,2,11:10 PM,3:16,,,SUB: Jackson FOR Ely-Gash,,,5,101032,Shyra Ely-Gash,1611661328.0,Seattle,Storm,SEA,5,100682,Lauren Jackson,1611661328.0,Seattle,Storm,SEA,0,0,,,,,,0
1020800086,178,8,0,2,11:10 PM,3:16,SUB: Leslie FOR Spencer,,,,,4,201086,Sidney Spencer,1611661320.0,Los Angeles,Sparks,LAS,4,100003,Lisa Leslie,1611661320.0,Los Angeles,Sparks,LAS,0,0,,,,,,0
1020800086,179,10,0,2,11:10 PM,3:13,Jump Ball Leslie vs. Swoopes: Tip to Swoopes,,,,,4,100003,Lisa Leslie,1611661320.0,Los Angeles,Sparks,LAS,5,100072,Sheryl Swoopes,1611661328.0,Seattle,Storm,SEA,5,100072,Sheryl Swoopes,1611661328.0,Seattle,Storm,SEA,0
1020800086,180,5,2,2,11:10 PM,3:13,Leslie Lost Ball Turnover (P1.T4),,Swoopes STEAL (1 STL),,,4,100003,Lisa Leslie,1611661320.0,Los Angeles,Sparks,LAS,5,100072,Sheryl Swoopes,1611661328.0,Seattle,Storm,SEA,0,0,,,,,,0
1020800086,181,1,1,2,11:10 PM,3:01,,,Wright 24' 3PT Jump Shot (3 PTS),31 - 28,-3,5,101030,Tanisha Wright,1611661328.0,Seattle,Storm,SEA,0,0,,,,,,0,0,,,,,,0
1020800086,182,6,1,2,11:10 PM,2:55,,,Wright P.FOUL (P2.T3),,,5,101030,Tanisha Wright,1611661328.0,Seattle,Storm,SEA,4,100199,Murriel Page,1611661320.0,Los Angeles,Sparks,LAS,1,0,,,,,,0
1020800086,183,9,1,2,11:11 PM,2:55,SPARKS Timeout: Regular (Full 1 Short 0),,,,,2,1611661320,,,,,,0,0,,,,,,0,0,,,,,,0
1020800086,185,8,0,2,11:13 PM,2:55,SUB: Ferdinand-Harris FOR Brown,,,,,4,100651,Kiesha Brown,1611661320.0,Los Angeles,Sparks,LAS,4,100685,Marie Ferdinand-Harris,1611661320.0,Los Angeles,Sparks,LAS,0,0,,,,,,0
1020800086,186,8,0,2,11:13 PM,2:55,,,SUB: Gearlds FOR Bird,,,5,100720,Sue Bird,1611661328.0,Seattle,Storm,SEA,5,201052,Katie Gearlds,1611661328.0,Seattle,Storm,SEA,0,0,,,,,,0
1020800086,187,5,11,2,11:14 PM,2:41,SPARKS Turnover: Shot Clock (T#5),,,,,2,1611661320,,,,,,0,0,,,,,,1,0,,,,,,0
1020800086,188,2,47,2,11:14 PM,2:19,,,MISS Jackson 9' Turnaround Jump Shot,,,5,100682,Lauren Jackson,1611661328.0,Seattle,Storm,SEA,0,0,,,,,,0,0,,,,,,0
1020800086,189,4,0,2,11:14 PM,2:17,Page REBOUND (Off:0 Def:1),,,,,4,100199,Murriel Page,1611661320.0,Los Angeles,Sparks,LAS,0,0,,,,,,0,0,,,,,,0
1020800086,190,6,2,2,11:14 PM,2:04,,,Swoopes S.FOUL (P2.T4),,,5,100072,Sheryl Swoopes,1611661328.0,Seattle,Storm,SEA,4,100396,DeLisha Milton-Jones,1611661320.0,Los Angeles,Sparks,LAS,1,0,,,,,,0
1020800086,191,3,11,2,11:15 PM,2:04,Milton-Jones Free Throw 1 of 2 (8 PTS),,,31 - 29,-2,4,100396,DeLisha Milton-Jones,1611661320.0,Los Angeles,Sparks,LAS,0,0,,,,,,0,0,,,,,,0
1020800086,192,3,12,2,11:15 PM,2:04,Milton-Jones Free Throw 2 of 2 (9 PTS),,,31 - 30,-1,4,100396,DeLisha Milton-Jones,1611661320.0,Los Angeles,Sparks,LAS,0,0,,,,,,0,0,,,,,,0
1020800086,193,1,42,2,11:15 PM,1:53,,,Wright  Driving Layup (5 PTS),33 - 30,-3,5,101030,Tanisha Wright,1611661328.0,Seattle,Storm,SEA,0,0,,,,,,0,0,,,,,,0
1020800086,194,2,66,2,11:16 PM,1:33,MISS Leslie 15' Jump Bank Shot,,,,,4,100003,Lisa Leslie,1611661320.0,Los Angeles,Sparks,LAS,0,0,,,,,,0,0,,,,,,0
1020800086,195,4,0,2,11:16 PM,1:31,Parker REBOUND (Off:2 Def:2),,,,,4,201496,Candace Parker,1611661320.0,Los Angeles,Sparks,LAS,0,0,,,,,,0,0,,,,,,0
1020800086,196,1,5,2,11:16 PM,1:30,Parker  Layup (9 PTS),,,33 - 32,-1,4,201496,Candace Parker,1611661320.0,Los Angeles,Sparks,LAS,0,0,,,,,,0,0,,,,,,0
1020800086,197,2,5,2,11:16 PM,1:09,Parker BLOCK (2 BLK),,MISS Cash  Layup,,,5,100721,Swin Cash,1611661328.0,Seattle,Storm,SEA,0,0,,,,,,4,201496,Candace Parker,1611661320.0,Los Angeles,Sparks,LAS,0
1020800086,198,4,0,2,11:16 PM,1:08,Leslie REBOUND (Off:0 Def:4),,,,,4,100003,Lisa Leslie,1611661320.0,Los Angeles,Sparks,LAS,0,0,,,,,,0,0,,,,,,0
1020800086,199,1,1,2,11:16 PM,1:00,Page 18' Jump Shot (2 PTS) (Ferdinand-Harris 2 AST),,,33 - 34,1,4,100199,Murriel Page,1611661320.0,Los Angeles,Sparks,LAS,4,100685,Marie Ferdinand-Harris,1611661320.0,Los Angeles,Sparks,LAS,0,0,,,,,,0
1020800086,200,9,1,2,11:16 PM,0:52,,,Storm Timeout: Regular (Reg.2 Short 0),,,3,1611661328,,,,,,0,0,,,,,,0,0,,,,,,0
1020800086,203,8,0,2,11:18 PM,0:52,,,SUB: Bird FOR Gearlds,,,5,201052,Katie Gearlds,1611661328.0,Seattle,Storm,SEA,5,100720,Sue Bird,1611661328.0,Seattle,Storm,SEA,0,0,,,,,,0
1020800086,204,2,1,2,11:19 PM,0:36,,,MISS Bird 9' Jump Shot,,,5,100720,Sue Bird,1611661328.0,Seattle,Storm,SEA,0,0,,,,,,0,0,,,,,,0
1020800086,205,4,0,2,11:19 PM,0:35,Leslie REBOUND (Off:0 Def:5),,,,,4,100003,Lisa Leslie,1611661320.0,Los Angeles,Sparks,LAS,0,0,,,,,,0,0,,,,,,0
1020800086,206,6,1,2,11:19 PM,0:22,,,Cash P.FOUL (P2.PN),,,5,100721,Swin Cash,1611661328.0,Seattle,Storm,SEA,4,201496,Candace Parker,1611661320.0,Los Angeles,Sparks,LAS,1,0,,,,,,0
1020800086,207,3,11,2,11:19 PM,0:22,MISS Parker Free Throw 1 of 2,,,,,4,201496,Candace Parker,1611661320.0,Los Angeles,Sparks,LAS,0,0,,,,,,0,0,,,,,,0
1020800086,208,4,1,2,11:19 PM,0:22,SPARKS Rebound,,,,,2,1611661320,,,,,,0,0,,,,,,0,0,,,,,,0
1020800086,209,8,0,2,11:20 PM,0:22,SUB: Brown FOR Milton-Jones,,,,,4,100396,DeLisha Milton-Jones,1611661320.0,Los Angeles,Sparks,LAS,4,100651,Kiesha Brown,1611661320.0,Los Angeles,Sparks,LAS,0,0,,,,,,0
1020800086,210,3,12,2,11:20 PM,0:22,Parker Free Throw 2 of 2 (10 PTS),,,33 - 35,2,4,201496,Candace Parker,1611661320.0,Los Angeles,Sparks,LAS,0,0,,,,,,0,0,,,,,,0
1020800086,211,2,80,2,11:21 PM,0:00,,,MISS Swoopes  3PT Step Back Jump Shot,,,5,100072,Sheryl Swoopes,1611661328.0,Seattle,Storm,SEA,0,0,,,,,,0,0,,,,,,0
1020800086,212,4,0,2,11:21 PM,0:00,Parker REBOUND (Off:2 Def:3),,,,,4,201496,Candace Parker,1611661320.0,Los Angeles,Sparks,LAS,0,0,,,,,,0,0,,,,,,0
1020800086,213,13,0,2,11:21 PM,0:00,,End of 2nd Period (11:21 PM EST),,33 - 35,2,0,0,,,,,,0,0,,,,,,0,0,,,,,,0
1020800086,215,12,0,3,11:37 PM,10:00,,Start of 3rd Period (11:37 PM EST),,33 - 35,2,0,0,,,,,,0,0,,,,,,0,0,,,,,,0
1020800086,216,5,2,3,11:37 PM,9:51,Parker Lost Ball Turnover (P1.T6),,Jackson STEAL (2 STL),,,4,201496,Candace Parker,1611661320.0,Los Angeles,Sparks,LAS,5,100682,Lauren Jackson,1611661328.0,Seattle,Storm,SEA,0,0,,,,,,0
1020800086,217,2,1,3,11:37 PM,9:38,,,MISS Bird 17' Jump Shot,,,5,100720,Sue Bird,1611661328.0,Seattle,Storm,SEA,0,0,,,,,,0,0,,,,,,0
1020800086,218,4,0,3,11:37 PM,9:36,Parker REBOUND (Off:2 Def:4),,,,,4,201496,Candace Parker,1611661320.0,Los Angeles,Sparks,LAS,0,0,,,,,,0,0,,,,,,0
1020800086,219,2,1,3,11:37 PM,9:29,MISS Brown 16' Jump Shot,,,,,4,100651,Kiesha Brown,1611661320.0,Los Angeles,Sparks,LAS,0,0,,,,,,0,0,,,,,,0
1020800086,221,4,0,3,11:37 PM,9:27,Parker REBOUND (Off:3 Def:4),,,,,4,201496,Candace Parker,1611661320.0,Los Angeles,Sparks,LAS,0,0,,,,,,0,0,,,,,,0
1020800086,220,2,4,3,11:37 PM,9:27,MISS Parker  Tip Shot,,,,,4,201496,Candace Parker,1611661320.0,Los Angeles,Sparks,LAS,0,0,,,,,,0,0,,,,,,0
1020800086,223,4,0,3,11:37 PM,9:25,Parker REBOUND (Off:4 Def:4),,,,,4,201496,Candace Parker,1611661320.0,Los Angeles,Sparks,LAS,0,0,,,,,,0,0,,,,,,0
1020800086,222,1,5,3,11:37 PM,9:25,Parker  Layup (12 PTS),,,33 - 37,4,4,201496,Candace Parker,1611661320.0,Los Angeles,Sparks,LAS,0,0,,,,,,0,0,,,,,,0
1020800086,224,2,1,3,11:38 PM,9:06,,,MISS Jackson  3PT Jump Shot,,,5,100682,Lauren Jackson,1611661328.0,Seattle,Storm,SEA,0,0,,,,,,0,0,,,,,,0
1020800086,225,4,0,3,11:38 PM,9:05,Leslie REBOUND (Off:0 Def:6),,,,,4,100003,Lisa Leslie,1611661320.0,Los Angeles,Sparks,LAS,0,0,,,,,,0,0,,,,,,0
1020800086,226,2,5,3,11:38 PM,9:00,MISS Parker  Layup,,,,,4,201496,Candace Parker,1611661320.0,Los Angeles,Sparks,LAS,0,0,,,,,,0,0,,,,,,0
1020800086,227,4,0,3,11:38 PM,8:58,,,Jackson REBOUND (Off:0 Def:4),,,5,100682,Lauren Jackson,1611661328.0,Seattle,Storm,SEA,0,0,,,,,,0,0,,,,,,0
1020800086,228,6,2,3,11:38 PM,8:45,Leslie S.FOUL (P1.T1),,,,,4,100003,Lisa Leslie,1611661320.0,Los Angeles,Sparks,LAS,5,100721,Swin Cash,1611661328.0,Seattle,Storm,SEA,1,0,,,,,,0
1020800086,229,3,11,3,11:38 PM,8:45,,,Cash Free Throw 1 of 2 (7 PTS),34 - 37,3,5,100721,Swin Cash,1611661328.0,Seattle,Storm,SEA,0,0,,,,,,0,0,,,,,,0
1020800086,230,3,12,3,11:39 PM,8:45,,,Cash Free Throw 2 of 2 (8 PTS),35 - 37,2,5,100721,Swin Cash,1611661328.0,Seattle,Storm,SEA,0,0,,,,,,0,0,,,,,,0
1020800086,231,1,1,3,11:39 PM,8:35,Ferdinand-Harris 15' Jump Shot (9 PTS),,,35 - 39,4,4,100685,Marie Ferdinand-Harris,1611661320.0,Los Angeles,Sparks,LAS,0,0,,,,,,0,0,,,,,,0
1020800086,232,5,1,3,11:40 PM,8:09,Parker STEAL (2 STL),,Bird Bad Pass Turnover (P4.T7),,,5,100720,Sue Bird,1611661328.0,Seattle,Storm,SEA,4,201496,Candace Parker,1611661320.0,Los Angeles,Sparks,LAS,0,0,,,,,,0
1020800086,233,5,1,3,11:40 PM,8:05,Parker Bad Pass Turnover (P2.T7),,,,,4,201496,Candace Parker,1611661320.0,Los Angeles,Sparks,LAS,0,0,,,,,,0,0,,,,,,0
1020800086,234,2,1,3,11:40 PM,7:51,,,MISS Swoopes  3PT Jump Shot,,,5,100072,Sheryl Swoopes,1611661328.0,Seattle,Storm,SEA,0,0,,,,,,0,0,,,,,,0
1020800086,235,4,0,3,11:40 PM,7:50,,,Jackson REBOUND (Off:1 Def:4),,,5,100682,Lauren Jackson,1611661328.0,Seattle,Storm,SEA,0,0,,,,,,0,0,,,,,,0
1020800086,236,6,4,3,11:40 PM,7:50,,,Jackson OFF.Foul (P2),,,5,100682,Lauren Jackson,1611661328.0,Seattle,Storm,SEA,4,100396,DeLisha Milton-Jones,1611661320.0,Los Angeles,Sparks,LAS,1,0,,,,,,0
1020800086,237,5,5,3,11:40 PM,7:50,,,Jackson Foul Turnover (P1.T8),,,5,100682,Lauren Jackson,1611661328.0,Seattle,Storm,SEA,0,0,,,,,,1,0,,,,,,0
1020800086,238,2,81,3,11:41 PM,7:36,MISS Parker 9' Pullup Bank Shot,,,,,4,201496,Candace Parker,1611661320.0,Los Angeles,Sparks,LAS,0,0,,,,,,0,0,,,,,,0
1020800086,239,4,0,3,11:41 PM,7:34,,,Griffith REBOUND (Off:0 Def:2),,,5,100419,Yolanda Griffith,1611661328.0,Seattle,Storm,SEA,0,0,,,,,,0,0,,,,,,0
1020800086,240,6,4,3,11:41 PM,7:33,,,Griffith OFF.Foul (P3),,,5,100419,Yolanda Griffith,1611661328.0,Seattle,Storm,SEA,4,100396,DeLisha Milton-Jones,1611661320.0,Los Angeles,Sparks,LAS,1,0,,,,,,0
1020800086,241,5,5,3,11:41 PM,7:33,,,Griffith Foul Turnover (P3.T9),,,5,100419,Yolanda Griffith,1611661328.0,Seattle,Storm,SEA,0,0,,,,,,1,0,,,,,,0
1020800086,243,2,47,3,11:41 PM,7:28,MISS Ferdinand-Harris 12' Turnaround Jump Shot,,,,,4,100685,Marie Ferdinand-Harris,1611661320.0,Los Angeles,Sparks,LAS,0,0,,,,,,0,0,,,,,,0
1020800086,244,4,0,3,11:41 PM,7:26,Ferdinand-Harris REBOUND (Off:1 Def:0),,,,,4,100685,Marie Ferdinand-Harris,1611661320.0,Los Angeles,Sparks,LAS,0,0,,,,,,0,0,,,,,,0
1020800086,245,2,1,3,11:42 PM,7:07,MISS Leslie 19' Jump Shot,,,,,4,100003,Lisa Leslie,1611661320.0,Los Angeles,Sparks,LAS,0,0,,,,,,0,0,,,,,,0
1020800086,246,4,0,3,11:42 PM,7:04,Leslie REBOUND (Off:1 Def:6),,,,,4,100003,Lisa Leslie,1611661320.0,Los Angeles,Sparks,LAS,0,0,,,,,,0,0,,,,,,0
1020800086,247,5,4,3,11:42 PM,6:58,Leslie Traveling Turnover (P2.T8),,,,,4,100003,Lisa Leslie,1611661320.0,Los Angeles,Sparks,LAS,0,0,,,,,,1,0,,,,,,0
1020800086,248,2,1,3,11:42 PM,6:41,,,MISS Cash 17' Jump Shot,,,5,100721,Swin Cash,1611661328.0,Seattle,Storm,SEA,0,0,,,,,,0,0,,,,,,0
1020800086,249,4,0,3,11:42 PM,6:41,,,Storm Rebound,,,3,1611661328,,,,,,0,0,,,,,,0,0,,,,,,0
1020800086,250,6,3,3,11:42 PM,6:41,Milton-Jones L.B.FOUL (P3.T2),,,,,4,100396,DeLisha Milton-Jones,1611661320.0,Los Angeles,Sparks,LAS,5,100682,Lauren Jackson,1611661328.0,Seattle,Storm,SEA,1,0,,,,,,0
1020800086,251,2,1,3,11:43 PM,6:36,,,MISS Bird 24' 3PT Jump Shot,,,5,100720,Sue Bird,1611661328.0,Seattle,Storm,SEA,0,0,,,,,,0,0,,,,,,0
1020800086,252,4,0,3,11:43 PM,6:36,SPARKS Rebound,,,,,2,1611661320,,,,,,0,0,,,,,,0,0,,,,,,0
1020800086,253,6,3,3,11:43 PM,6:36,,,Griffith L.B.FOUL (P4.T1),,,5,100419,Yolanda Griffith,1611661328.0,Seattle,Storm,SEA,4,100003,Lisa Leslie,1611661320.0,Los Angeles,Sparks,LAS,1,0,,,,,,0
1020800086,254,8,0,3,11:43 PM,6:36,,,SUB: Robinson FOR Griffith,,,5,100419,Yolanda Griffith,1611661328.0,Seattle,Storm,SEA,5,100942,Ashley Robinson,1611661328.0,Seattle,Storm,SEA,0,0,,,,,,0
1020800086,256,2,5,3,11:44 PM,6:24,MISS Leslie  Layup,,,,,4,100003,Lisa Leslie,1611661320.0,Los Angeles,Sparks,LAS,0,0,,,,,,0,0,,,,,,0
1020800086,257,4,0,3,11:44 PM,6:23,Ferdinand-Harris REBOUND (Off:2 Def:0),,,,,4,100685,Marie Ferdinand-Harris,1611661320.0,Los Angeles,Sparks,LAS,0,0,,,,,,0,0,,,,,,0
1020800086,258,6,1,3,11:44 PM,6:22,,,Robinson P.FOUL (P2.T2),,,5,100942,Ashley Robinson,1611661328.0,Seattle,Storm,SEA,4,100685,Marie Ferdinand-Harris,1611661320.0,Los Angeles,Sparks,LAS,1,0,,,,,,0
1020800086,259,8,0,3,11:44 PM,6:22,,,SUB: Wright FOR Swoopes,,,5,100072,Sheryl Swoopes,1611661328.0,Seattle,Storm,SEA,5,101030,Tanisha Wright,1611661328.0,Seattle,Storm,SEA,0,0,,,,,,0
1020800086,260,1,1,3,11:44 PM,6:12,Milton-Jones 20' Jump Shot (11 PTS) (Parker 2 AST),,,35 - 41,6,4,100396,DeLisha Milton-Jones,1611661320.0,Los Angeles,Sparks,LAS,4,201496,Candace Parker,1611661320.0,Los Angeles,Sparks,LAS,0,0,,,,,,0
1020800086,261,1,42,3,11:44 PM,5:52,,,Bird  Driving Layup (9 PTS),37 - 41,4,5,100720,Sue Bird,1611661328.0,Seattle,Storm,SEA,0,0,,,,,,0,0,,,,,,0
1020800086,262,1,1,3,11:46 PM,5:31,Ferdinand-Harris 18' Jump Shot (11 PTS) (Leslie 2 AST),,,37 - 43,6,4,100685,Marie Ferdinand-Harris,1611661320.0,Los Angeles,Sparks,LAS,4,100003,Lisa Leslie,1611661320.0,Los Angeles,Sparks,LAS,0,0,,,,,,0
1020800086,263,2,1,3,11:46 PM,5:13,,,MISS Wright  3PT Jump Shot,,,5,101030,Tanisha Wright,1611661328.0,Seattle,Storm,SEA,0,0,,,,,,0,0,,,,,,0
1020800086,264,4,0,3,11:46 PM,5:09,,,Cash REBOUND (Off:1 Def:3),,,5,100721,Swin Cash,1611661328.0,Seattle,Storm,SEA,0,0,,,,,,0,0,,,,,,0
1020800086,265,1,42,3,11:46 PM,5:04,,,Jackson  Driving Layup (6 PTS) (Cash 2 AST),39 - 43,4,5,100682,Lauren Jackson,1611661328.0,Seattle,Storm,SEA,5,100721,Swin Cash,1611661328.0,Seattle,Storm,SEA,0,0,,,,,,0
1020800086,266,1,79,3,11:47 PM,4:42,Ferdinand-Harris 18' Pullup Jump Shot (13 PTS),,,39 - 45,6,4,100685,Marie Ferdinand-Harris,1611661320.0,Los Angeles,Sparks,LAS,0,0,,,,,,0,0,,,,,,0
1020800086,267,1,1,3,11:47 PM,4:26,,,Bird 15' Jump Shot (11 PTS) (Wright 1 AST),41 - 45,4,5,100720,Sue Bird,1611661328.0,Seattle,Storm,SEA,5,101030,Tanisha Wright,1611661328.0,Seattle,Storm,SEA,0,0,,,,,,0
1020800086,268,6,2,3,11:47 PM,4:20,,,Cash S.FOUL (P3.T3),,,5,100721,Swin Cash,1611661328.0,Seattle,Storm,SEA,4,100396,DeLisha Milton-Jones,1611661320.0,Los Angeles,Sparks,LAS,1,0,,,,,,0
1020800086,269,9,4,3,11:47 PM,4:20,,Timeout: Official,,,,1,0,,,,,,0,0,,,,,,0,0,,,,,,0
1020800086,271,8,0,3,11:49 PM,4:20,,,SUB: Swoopes FOR Cash,,,5,100721,Swin Cash,1611661328.0,Seattle,Storm,SEA,5,100072,Sheryl Swoopes,1611661328.0,Seattle,Storm,SEA,0,0,,,,,,0
1020800086,272,8,0,3,11:49 PM,4:20,,,SUB: Beck FOR Bird,,,5,100720,Sue Bird,1611661328.0,Seattle,Storm,SEA,5,201517,Kimberly Beck,1611661328.0,Seattle,Storm,SEA,0,0,,,,,,0
1020800086,273,8,0,3,11:50 PM,4:20,SUB: Johnson FOR Brown,,,,,4,100651,Kiesha Brown,1611661320.0,Los Angeles,Sparks,LAS,4,101024,Temeka Johnson,1611661320.0,Los Angeles,Sparks,LAS,0,0,,,,,,0
1020800086,274,3,11,3,11:50 PM,4:20,Milton-Jones Free Throw 1 of 2 (12 PTS),,,41 - 46,5,4,100396,DeLisha Milton-Jones,1611661320.0,Los Angeles,Sparks,LAS,0,0,,,,,,0,0,,,,,,0
1020800086,275,3,12,3,11:50 PM,4:20,Milton-Jones Free Throw 2 of 2 (13 PTS),,,41 - 47,6,4,100396,DeLisha Milton-Jones,1611661320.0,Los Angeles,Sparks,LAS,0,0,,,,,,0,0,,,,,,0
1020800086,277,2,1,3,11:51 PM,4:06,,,MISS Jackson 10' Jump Shot,,,5,100682,Lauren Jackson,1611661328.0,Seattle,Storm,SEA,0,0,,,,,,0,0,,,,,,0
1020800086,278,4,0,3,11:51 PM,4:04,,,Robinson REBOUND (Off:1 Def:1),,,5,100942,Ashley Robinson,1611661328.0,Seattle,Storm,SEA,0,0,,,,,,0,0,,,,,,0
1020800086,279,5,1,3,11:51 PM,4:00,Leslie STEAL (1 STL),,Swoopes Bad Pass Turnover (P1.T10),,,5,100072,Sheryl Swoopes,1611661328.0,Seattle,Storm,SEA,4,100003,Lisa Leslie,1611661320.0,Los Angeles,Sparks,LAS,0,0,,,,,,0
1020800086,280,6,2,3,11:51 PM,3:56,,,Wright S.FOUL (P3.T4),,,5,101030,Tanisha Wright,1611661328.0,Seattle,Storm,SEA,4,100685,Marie Ferdinand-Harris,1611661320.0,Los Angeles,Sparks,LAS,1,0,,,,,,0
1020800086,281,3,11,3,11:51 PM,3:56,MISS Ferdinand-Harris Free Throw 1 of 2,,,,,4,100685,Marie Ferdinand-Harris,1611661320.0,Los Angeles,Sparks,LAS,0,0,,,,,,0,0,,,,,,0
1020800086,282,4,1,3,11:51 PM,3:56,SPARKS Rebound,,,,,2,1611661320,,,,,,0,0,,,,,,0,0,,,,,,0
1020800086,283,3,12,3,11:51 PM,3:56,Ferdinand-Harris Free Throw 2 of 2 (14 PTS),,,41 - 48,7,4,100685,Marie Ferdinand-Harris,1611661320.0,Los Angeles,Sparks,LAS,0,0,,,,,,0,0,,,,,,0
1020800086,284,5,1,3,11:52 PM,3:37,,,Swoopes Bad Pass Turnover (P2.T11),,,5,100072,Sheryl Swoopes,1611661328.0,Seattle,Storm,SEA,0,0,,,,,,0,0,,,,,,0
1020800086,285,8,0,3,11:52 PM,3:37,,,SUB: Griffith FOR Jackson,,,5,100682,Lauren Jackson,1611661328.0,Seattle,Storm,SEA,5,100419,Yolanda Griffith,1611661328.0,Seattle,Storm,SEA,0,0,,,,,,0
1020800086,286,6,1,3,11:53 PM,3:20,,,Robinson P.FOUL (P3.PN),,,5,100942,Ashley Robinson,1611661328.0,Seattle,Storm,SEA,4,100003,Lisa Leslie,1611661320.0,Los Angeles,Sparks,LAS,1,0,,,,,,0
1020800086,287,8,0,3,11:53 PM,3:20,,,SUB: Bird FOR Beck,,,5,201517,Kimberly Beck,1611661328.0,Seattle,Storm,SEA,5,100720,Sue Bird,1611661328.0,Seattle,Storm,SEA,0,0,,,,,,0
1020800086,288,8,0,3,11:53 PM,3:20,SUB: Thomas FOR Milton-Jones,,,,,4,100396,DeLisha Milton-Jones,1611661320.0,Los Angeles,Sparks,LAS,4,100930,Christi Thomas,1611661320.0,Los Angeles,Sparks,LAS,0,0,,,,,,0
1020800086,289,3,11,3,11:53 PM,3:20,Leslie Free Throw 1 of 2 (4 PTS),,,41 - 49,8,4,100003,Lisa Leslie,1611661320.0,Los Angeles,Sparks,LAS,0,0,,,,,,0,0,,,,,,0
1020800086,290,3,12,3,11:53 PM,3:20,MISS Leslie Free Throw 2 of 2,,,,,4,100003,Lisa Leslie,1611661320.0,Los Angeles,Sparks,LAS,0,0,,,,,,0,0,,,,,,0
1020800086,291,4,0,3,11:54 PM,3:19,Thomas REBOUND (Off:1 Def:2),,,,,4,100930,Christi Thomas,1611661320.0,Los Angeles,Sparks,LAS,0,0,,,,,,0,0,,,,,,0
1020800086,292,1,42,3,11:54 PM,3:14,Ferdinand-Harris  Driving Layup (16 PTS) (Johnson 1 AST),,,41 - 51,10,4,100685,Marie Ferdinand-Harris,1611661320.0,Los Angeles,Sparks,LAS,4,101024,Temeka Johnson,1611661320.0,Los Angeles,Sparks,LAS,0,0,,,,,,0
1020800086,293,9,1,3,11:54 PM,3:06,,,Storm Timeout: Regular (Reg.3 Short 0),,,3,1611661328,,,,,,0,0,,,,,,0,0,,,,,,0
1020800086,295,8,0,3,11:56 PM,3:06,,,SUB: Jackson FOR Griffith,,,5,100419,Yolanda Griffith,1611661328.0,Seattle,Storm,SEA,5,100682,Lauren Jackson,1611661328.0,Seattle,Storm,SEA,0,0,,,,,,0
1020800086,296,8,0,3,11:56 PM,3:06,,,SUB: Cash FOR Robinson,,,5,100942,Ashley Robinson,1611661328.0,Seattle,Storm,SEA,5,100721,Swin Cash,1611661328.0,Seattle,Storm,SEA,0,0,,,,,,0
1020800086,297,2,1,3,11:56 PM,2:51,,,MISS Cash 18' Jump Shot,,,5,100721,Swin Cash,1611661328.0,Seattle,Storm,SEA,0,0,,,,,,0,0,,,,,,0
1020800086,298,4,0,3,11:56 PM,2:49,Ferdinand-Harris REBOUND (Off:2 Def:1),,,,,4,100685,Marie Ferdinand-Harris,1611661320.0,Los Angeles,Sparks,LAS,0,0,,,,,,0,0,,,,,,0
1020800086,299,7,5,3,11:57 PM,2:44,,,Bird Violation:Kicked Ball,,,5,100720,Sue Bird,1611661328.0,Seattle,Storm,SEA,0,0,,,,,,1,0,,,,,,0
1020800086,300,2,1,3,11:57 PM,2:36,MISS Ferdinand-Harris 13' Jump Shot,,,,,4,100685,Marie Ferdinand-Harris,1611661320.0,Los Angeles,Sparks,LAS,0,0,,,,,,0,0,,,,,,0
1020800086,301,4,0,3,11:57 PM,2:34,,,Jackson REBOUND (Off:1 Def:5),,,5,100682,Lauren Jackson,1611661328.0,Seattle,Storm,SEA,0,0,,,,,,0,0,,,,,,0
1020800086,302,2,5,3,11:57 PM,2:26,Thomas BLOCK (2 BLK),,MISS Wright  Layup,,,5,101030,Tanisha Wright,1611661328.0,Seattle,Storm,SEA,0,0,,,,,,4,100930,Christi Thomas,1611661320.0,Los Angeles,Sparks,LAS,0
1020800086,303,4,0,3,11:57 PM,2:23,Leslie REBOUND (Off:1 Def:7),,,,,4,100003,Lisa Leslie,1611661320.0,Los Angeles,Sparks,LAS,0,0,,,,,,0,0,,,,,,0
1020800086,304,6,2,3,11:57 PM,2:19,,,Swoopes S.FOUL (P3.PN),,,5,100072,Sheryl Swoopes,1611661328.0,Seattle,Storm,SEA,4,201496,Candace Parker,1611661320.0,Los Angeles,Sparks,LAS,1,0,,,,,,0
1020800086,305,3,11,3,11:57 PM,2:19,Parker Free Throw 1 of 2 (13 PTS),,,41 - 52,11,4,201496,Candace Parker,1611661320.0,Los Angeles,Sparks,LAS,0,0,,,,,,0,0,,,,,,0
1020800086,306,8,0,3,11:58 PM,2:19,SUB: Page FOR Leslie,,,,,4,100003,Lisa Leslie,1611661320.0,Los Angeles,Sparks,LAS,4,100199,Murriel Page,1611661320.0,Los Angeles,Sparks,LAS,0,0,,,,,,0
1020800086,307,3,12,3,11:58 PM,2:19,Parker Free Throw 2 of 2 (14 PTS),,,41 - 53,12,4,201496,Candace Parker,1611661320.0,Los Angeles,Sparks,LAS,0,0,,,,,,0,0,,,,,,0
1020800086,309,1,47,3,11:59 PM,2:02,,,Jackson 14' Turnaround Jump Shot (8 PTS) (Bird 4 AST),43 - 53,10,5,100682,Lauren Jackson,1611661328.0,Seattle,Storm,SEA,5,100720,Sue Bird,1611661328.0,Seattle,Storm,SEA,0,0,,,,,,0
1020800086,310,2,1,3,11:59 PM,1:41,MISS Johnson 18' Jump Shot,,,,,4,101024,Temeka Johnson,1611661320.0,Los Angeles,Sparks,LAS,0,0,,,,,,0,0,,,,,,0
1020800086,311,4,0,3,11:59 PM,1:40,,,Cash REBOUND (Off:1 Def:4),,,5,100721,Swin Cash,1611661328.0,Seattle,Storm,SEA,0,0,,,,,,0,0,,,,,,0
1020800086,312,2,42,3,11:59 PM,1:34,,,MISS Cash  Driving Layup,,,5,100721,Swin Cash,1611661328.0,Seattle,Storm,SEA,0,0,,,,,,0,0,,,,,,0
1020800086,313,4,0,3,11:59 PM,1:31,Thomas REBOUND (Off:1 Def:3),,,,,4,100930,Christi Thomas,1611661320.0,Los Angeles,Sparks,LAS,0,0,,,,,,0,0,,,,,,0
1020800086,314,1,66,3,11:59 PM,1:20,Parker 16' Jump Bank Shot (16 PTS) (Thomas 1 AST),,,43 - 55,12,4,201496,Candace Parker,1611661320.0,Los Angeles,Sparks,LAS,4,100930,Christi Thomas,1611661320.0,Los Angeles,Sparks,LAS,0,0,,,,,,0
1020800086,315,2,1,3,12:00 AM,1:06,,,MISS Jackson  3PT Jump Shot,,,5,100682,Lauren Jackson,1611661328.0,Seattle,Storm,SEA,0,0,,,,,,0,0,,,,,,0
1020800086,316,4,0,3,12:00 AM,1:05,Parker REBOUND (Off:4 Def:5),,,,,4,201496,Candace Parker,1611661320.0,Los Angeles,Sparks,LAS,0,0,,,,,,0,0,,,,,,0
1020800086,317,6,1,3,12:00 AM,1:01,,,Jackson P.FOUL (P3.PN),,,5,100682,Lauren Jackson,1611661328.0,Seattle,Storm,SEA,4,201496,Candace Parker,1611661320.0,Los Angeles,Sparks,LAS,1,0,,,,,,0
1020800086,318,8,0,3,12:00 AM,1:01,,,SUB: Santos FOR Bird,,,5,100720,Sue Bird,1611661328.0,Seattle,Storm,SEA,5,100640,Kelly Santos,1611661328.0,Seattle,Storm,SEA,0,0,,,,,,0
1020800086,319,3,11,3,12:00 AM,1:01,Parker Free Throw 1 of 2 (17 PTS),,,43 - 56,13,4,201496,Candace Parker,1611661320.0,Los Angeles,Sparks,LAS,0,0,,,,,,0,0,,,,,,0
1020800086,320,8,0,3,12:00 AM,1:01,,,SUB: Beck FOR Swoopes,,,5,100072,Sheryl Swoopes,1611661328.0,Seattle,Storm,SEA,5,201517,Kimberly Beck,1611661328.0,Seattle,Storm,SEA,0,0,,,,,,0
1020800086,321,8,0,3,12:00 AM,1:01,,,SUB: Robinson FOR Jackson,,,5,100682,Lauren Jackson,1611661328.0,Seattle,Storm,SEA,5,100942,Ashley Robinson,1611661328.0,Seattle,Storm,SEA,0,0,,,,,,0
1020800086,322,3,12,3,12:00 AM,1:01,Parker Free Throw 2 of 2 (18 PTS),,,43 - 57,14,4,201496,Candace Parker,1611661320.0,Los Angeles,Sparks,LAS,0,0,,,,,,0,0,,,,,,0
1020800086,324,2,5,3,12:01 AM,0:45,,,MISS Wright  Layup,,,5,101030,Tanisha Wright,1611661328.0,Seattle,Storm,SEA,0,0,,,,,,0,0,,,,,,0
1020800086,326,4,0,3,12:01 AM,0:43,,,Robinson REBOUND (Off:2 Def:1),,,5,100942,Ashley Robinson,1611661328.0,Seattle,Storm,SEA,0,0,,,,,,0,0,,,,,,0
1020800086,325,2,4,3,12:01 AM,0:43,,,MISS Robinson  Tip Shot,,,5,100942,Ashley Robinson,1611661328.0,Seattle,Storm,SEA,0,0,,,,,,0,0,,,,,,0
1020800086,327,4,0,3,12:01 AM,0:41,Thomas REBOUND (Off:1 Def:4),,,,,4,100930,Christi Thomas,1611661320.0,Los Angeles,Sparks,LAS,0,0,,,,,,0,0,,,,,,0
1020800086,328,2,1,3,12:01 AM,0:34,MISS Ferdinand-Harris  3PT Jump Shot,,,,,4,100685,Marie Ferdinand-Harris,1611661320.0,Los Angeles,Sparks,LAS,0,0,,,,,,0,0,,,,,,0
1020800086,329,4,0,3,12:01 AM,0:33,Ferdinand-Harris REBOUND (Off:3 Def:1),,,,,4,100685,Marie Ferdinand-Harris,1611661320.0,Los Angeles,Sparks,LAS,0,0,,,,,,0,0,,,,,,0
1020800086,330,2,1,3,12:02 AM,0:10,MISS Parker 7' Jump Shot,,,,,4,201496,Candace Parker,1611661320.0,Los Angeles,Sparks,LAS,0,0,,,,,,0,0,,,,,,0
1020800086,331,4,0,3,12:02 AM,0:09,SPARKS Rebound,,,,,2,1611661320,,,,,,0,0,,,,,,0,0,,,,,,0
1020800086,332,2,1,3,12:02 AM,0:05,MISS Page 14' Jump Shot,,,,,4,100199,Murriel Page,1611661320.0,Los Angeles,Sparks,LAS,0,0,,,,,,0,0,,,,,,0
1020800086,333,4,0,3,12:02 AM,0:05,,,Storm Rebound,,,3,1611661328,,,,,,0,0,,,,,,0,0,,,,,,0
1020800086,334,2,1,3,12:02 AM,0:00,,,MISS Wright 15' Jump Shot,,,5,101030,Tanisha Wright,1611661328.0,Seattle,Storm,SEA,0,0,,,,,,0,0,,,,,,0
1020800086,335,4,0,3,12:02 AM,0:00,,,Storm Rebound,,,3,1611661328,,,,,,0,0,,,,,,0,0,,,,,,0
1020800086,336,13,0,3,12:02 AM,0:00,,End of 3rd Period (12:02 AM EST),,43 - 57,14,0,0,,,,,,0,0,,,,,,0,0,,,,,,0
1020800086,338,12,0,4,12:05 AM,10:00,,Start of 4th Period (12:05 AM EST),,43 - 57,14,0,0,,,,,,0,0,,,,,,0,0,,,,,,0
1020800086,339,2,1,4,12:05 AM,9:45,,,MISS Ely-Gash  3PT Jump Shot,,,5,101032,Shyra Ely-Gash,1611661328.0,Seattle,Storm,SEA,0,0,,,,,,0,0,,,,,,0
1020800086,340,4,0,4,12:05 AM,9:44,,,Santos REBOUND (Off:1 Def:0),,,5,100640,Kelly Santos,1611661328.0,Seattle,Storm,SEA,0,0,,,,,,0,0,,,,,,0
1020800086,341,2,1,4,12:05 AM,9:39,,,MISS Gearlds  3PT Jump Shot,,,5,201052,Katie Gearlds,1611661328.0,Seattle,Storm,SEA,0,0,,,,,,0,0,,,,,,0
1020800086,342,4,0,4,12:05 AM,9:38,Ferdinand-Harris REBOUND (Off:3 Def:2),,,,,4,100685,Marie Ferdinand-Harris,1611661320.0,Los Angeles,Sparks,LAS,0,0,,,,,,0,0,,,,,,0
1020800086,343,6,1,4,12:06 AM,9:33,,,Santos P.FOUL (P1.T1),,,5,100640,Kelly Santos,1611661328.0,Seattle,Storm,SEA,4,100930,Christi Thomas,1611661320.0,Los Angeles,Sparks,LAS,1,0,,,,,,0
1020800086,344,6,4,4,12:06 AM,9:22,Ferdinand-Harris OFF.Foul (P2),,,,,4,100685,Marie Ferdinand-Harris,1611661320.0,Los Angeles,Sparks,LAS,5,201517,Kimberly Beck,1611661328.0,Seattle,Storm,SEA,1,0,,,,,,0
1020800086,345,5,5,4,12:06 AM,9:22,Ferdinand-Harris Foul Turnover (P2.T9),,,,,4,100685,Marie Ferdinand-Harris,1611661320.0,Los Angeles,Sparks,LAS,0,0,,,,,,1,0,,,,,,0
1020800086,346,1,1,4,12:07 AM,9:01,,,Beck  3PT Jump Shot (3 PTS) (Robinson 1 AST),46 - 57,11,5,201517,Kimberly Beck,1611661328.0,Seattle,Storm,SEA,5,100942,Ashley Robinson,1611661328.0,Seattle,Storm,SEA,0,0,,,,,,0
1020800086,347,2,5,4,12:07 AM,8:31,MISS Johnson  Layup,,,,,4,101024,Temeka Johnson,1611661320.0,Los Angeles,Sparks,LAS,0,0,,,,,,0,0,,,,,,0
1020800086,348,4,0,4,12:07 AM,8:30,,,Robinson REBOUND (Off:2 Def:2),,,5,100942,Ashley Robinson,1611661328.0,Seattle,Storm,SEA,0,0,,,,,,0,0,,,,,,0
1020800086,349,6,1,4,12:07 AM,8:29,Thomas P.FOUL (P3.T1),,,,,4,100930,Christi Thomas,1611661320.0,Los Angeles,Sparks,LAS,5,100942,Ashley Robinson,1611661328.0,Seattle,Storm,SEA,1,0,,,,,,0
1020800086,350,8,0,4,12:07 AM,8:29,SUB: Bobbitt FOR Johnson,,,,,4,101024,Temeka Johnson,1611661320.0,Los Angeles,Sparks,LAS,4,201497,Shannon Bobbitt,1611661320.0,Los Angeles,Sparks,LAS,0,0,,,,,,0
1020800086,351,1,1,4,12:08 AM,8:05,,,Gearlds  3PT Jump Shot (6 PTS) (Robinson 2 AST),49 - 57,8,5,201052,Katie Gearlds,1611661328.0,Seattle,Storm,SEA,5,100942,Ashley Robinson,1611661328.0,Seattle,Storm,SEA,0,0,,,,,,0
1020800086,352,2,1,4,12:08 AM,7:44,MISS Ferdinand-Harris 18' Jump Shot,,Ely-Gash BLOCK (1 BLK),,,4,100685,Marie Ferdinand-Harris,1611661320.0,Los Angeles,Sparks,LAS,0,0,,,,,,5,101032,Shyra Ely-Gash,1611661328.0,Seattle,Storm,SEA,0
1020800086,353,4,0,4,12:08 AM,7:42,,,Santos REBOUND (Off:1 Def:1),,,5,100640,Kelly Santos,1611661328.0,Seattle,Storm,SEA,0,0,,,,,,0,0,,,,,,0
1020800086,354,8,0,4,12:09 AM,7:34,SUB: Masciadri FOR Thomas,,,,,4,100930,Christi Thomas,1611661320.0,Los Angeles,Sparks,LAS,4,100988,Raffaella Masciadri,1611661320.0,Los Angeles,Sparks,LAS,0,0,,,,,,0
1020800086,355,8,0,4,12:09 AM,7:34,SUB: Milton-Jones FOR Ferdinand-Harris,,,,,4,100685,Marie Ferdinand-Harris,1611661320.0,Los Angeles,Sparks,LAS,4,100396,DeLisha Milton-Jones,1611661320.0,Los Angeles,Sparks,LAS,0,0,,,,,,0
1020800086,356,2,1,4,12:09 AM,7:19,,,MISS Gearlds  3PT Jump Shot,,,5,201052,Katie Gearlds,1611661328.0,Seattle,Storm,SEA,0,0,,,,,,0,0,,,,,,0
1020800086,357,4,0,4,12:09 AM,7:18,Page REBOUND (Off:0 Def:2),,,,,4,100199,Murriel Page,1611661320.0,Los Angeles,Sparks,LAS,0,0,,,,,,0,0,,,,,,0
1020800086,358,2,1,4,12:10 AM,7:08,MISS Milton-Jones 17' Jump Shot,,,,,4,100396,DeLisha Milton-Jones,1611661320.0,Los Angeles,Sparks,LAS,0,0,,,,,,0,0,,,,,,0
1020800086,359,4,0,4,12:10 AM,7:05,Bobbitt REBOUND (Off:1 Def:0),,,,,4,201497,Shannon Bobbitt,1611661320.0,Los Angeles,Sparks,LAS,0,0,,,,,,0,0,,,,,,0
1020800086,360,6,1,4,12:10 AM,6:51,,,Santos P.FOUL (P2.T2),,,5,100640,Kelly Santos,1611661328.0,Seattle,Storm,SEA,4,100003,Lisa Leslie,1611661320.0,Los Angeles,Sparks,LAS,1,0,,,,,,0
1020800086,361,8,0,4,12:10 AM,6:51,SUB: Brown FOR Bobbitt,,,,,4,201497,Shannon Bobbitt,1611661320.0,Los Angeles,Sparks,LAS,4,100651,Kiesha Brown,1611661320.0,Los Angeles,Sparks,LAS,0,0,,,,,,0
1020800086,362,1,1,4,12:10 AM,6:44,Masciadri 18' Jump Shot (4 PTS) (Brown 3 AST),,,49 - 59,10,4,100988,Raffaella Masciadri,1611661320.0,Los Angeles,Sparks,LAS,4,100651,Kiesha Brown,1611661320.0,Los Angeles,Sparks,LAS,0,0,,,,,,0
1020800086,363,2,42,4,12:11 AM,6:31,,,MISS Ely-Gash  Driving Layup,,,5,101032,Shyra Ely-Gash,1611661328.0,Seattle,Storm,SEA,0,0,,,,,,0,0,,,,,,0
1020800086,364,4,0,4,12:11 AM,6:28,Brown REBOUND (Off:0 Def:2),,,,,4,100651,Kiesha Brown,1611661320.0,Los Angeles,Sparks,LAS,0,0,,,,,,0,0,,,,,,0
1020800086,365,6,2,4,12:11 AM,6:23,,,Santos S.FOUL (P3.T3),,,5,100640,Kelly Santos,1611661328.0,Seattle,Storm,SEA,4,100003,Lisa Leslie,1611661320.0,Los Angeles,Sparks,LAS,1,0,,,,,,0
1020800086,366,3,11,4,12:11 AM,6:23,Leslie Free Throw 1 of 2 (5 PTS),,,49 - 60,11,4,100003,Lisa Leslie,1611661320.0,Los Angeles,Sparks,LAS,0,0,,,,,,0,0,,,,,,0
1020800086,367,8,0,4,12:11 AM,6:23,SUB: Bobbitt FOR Brown,,,,,4,100651,Kiesha Brown,1611661320.0,Los Angeles,Sparks,LAS,4,201497,Shannon Bobbitt,1611661320.0,Los Angeles,Sparks,LAS,0,0,,,,,,0
1020800086,368,3,12,4,12:11 AM,6:23,MISS Leslie Free Throw 2 of 2,,,,,4,100003,Lisa Leslie,1611661320.0,Los Angeles,Sparks,LAS,0,0,,,,,,0,0,,,,,,0
1020800086,369,4,0,4,12:12 AM,6:22,Page REBOUND (Off:1 Def:2),,,,,4,100199,Murriel Page,1611661320.0,Los Angeles,Sparks,LAS,0,0,,,,,,0,0,,,,,,0
1020800086,370,2,1,4,12:12 AM,6:17,MISS Bobbitt  3PT Jump Shot,,,,,4,201497,Shannon Bobbitt,1611661320.0,Los Angeles,Sparks,LAS,0,0,,,,,,0,0,,,,,,0
1020800086,371,4,0,4,12:12 AM,6:15,Leslie REBOUND (Off:2 Def:7),,,,,4,100003,Lisa Leslie,1611661320.0,Los Angeles,Sparks,LAS,0,0,,,,,,0,0,,,,,,0
1020800086,372,2,1,4,12:12 AM,6:02,MISS Bobbitt  3PT Jump Shot,,,,,4,201497,Shannon Bobbitt,1611661320.0,Los Angeles,Sparks,LAS,0,0,,,,,,0,0,,,,,,0
1020800086,373,4,0,4,12:12 AM,6:01,,,Robinson REBOUND (Off:2 Def:3),,,5,100942,Ashley Robinson,1611661328.0,Seattle,Storm,SEA,0,0,,,,,,0,0,,,,,,0
1020800086,374,5,2,4,12:12 AM,5:52,Milton-Jones STEAL (2 STL),,Ely-Gash Lost Ball Turnover (P1.T12),,,5,101032,Shyra Ely-Gash,1611661328.0,Seattle,Storm,SEA,4,100396,DeLisha Milton-Jones,1611661320.0,Los Angeles,Sparks,LAS,0,0,,,,,,0
1020800086,375,2,42,4,12:12 AM,5:42,MISS Bobbitt  Driving Layup,,,,,4,201497,Shannon Bobbitt,1611661320.0,Los Angeles,Sparks,LAS,0,0,,,,,,0,0,,,,,,0
1020800086,376,4,0,4,12:12 AM,5:40,,,Beck REBOUND (Off:0 Def:1),,,5,201517,Kimberly Beck,1611661328.0,Seattle,Storm,SEA,0,0,,,,,,0,0,,,,,,0
1020800086,377,1,5,4,12:13 AM,5:28,,,Santos  Layup (2 PTS) (Beck 1 AST),51 - 60,9,5,100640,Kelly Santos,1611661328.0,Seattle,Storm,SEA,5,201517,Kimberly Beck,1611661328.0,Seattle,Storm,SEA,0,0,,,,,,0
1020800086,378,2,1,4,12:13 AM,5:17,MISS Leslie 19' Jump Shot,,,,,4,100003,Lisa Leslie,1611661320.0,Los Angeles,Sparks,LAS,0,0,,,,,,0,0,,,,,,0
1020800086,379,4,0,4,12:13 AM,5:15,,,Beck REBOUND (Off:0 Def:2),,,5,201517,Kimberly Beck,1611661328.0,Seattle,Storm,SEA,0,0,,,,,,0,0,,,,,,0
1020800086,380,6,4,4,12:13 AM,5:06,,,Santos OFF.Foul (P4),,,5,100640,Kelly Santos,1611661328.0,Seattle,Storm,SEA,4,100003,Lisa Leslie,1611661320.0,Los Angeles,Sparks,LAS,1,0,,,,,,0
1020800086,381,5,5,4,12:13 AM,5:06,,,Santos Foul Turnover (P1.T13),,,5,100640,Kelly Santos,1611661328.0,Seattle,Storm,SEA,0,0,,,,,,1,0,,,,,,0
1020800086,382,9,1,4,12:13 AM,5:06,SPARKS Timeout: Regular (Full 2 Short 0),,,,,2,1611661320,,,,,,0,0,,,,,,0,0,,,,,,0
1020800086,384,8,0,4,12:15 AM,5:06,,,SUB: Swoopes FOR Robinson,,,5,100942,Ashley Robinson,1611661328.0,Seattle,Storm,SEA,5,100072,Sheryl Swoopes,1611661328.0,Seattle,Storm,SEA,0,0,,,,,,0
1020800086,385,8,0,4,12:15 AM,5:06,,,SUB: Jackson FOR Beck,,,5,201517,Kimberly Beck,1611661328.0,Seattle,Storm,SEA,5,100682,Lauren Jackson,1611661328.0,Seattle,Storm,SEA,0,0,,,,,,0
1020800086,386,8,0,4,12:15 AM,5:06,,,SUB: Bird FOR Ely-Gash,,,5,101032,Shyra Ely-Gash,1611661328.0,Seattle,Storm,SEA,5,100720,Sue Bird,1611661328.0,Seattle,Storm,SEA,0,0,,,,,,0
1020800086,387,8,0,4,12:15 AM,5:06,,,SUB: Wright FOR Gearlds,,,5,201052,Katie Gearlds,1611661328.0,Seattle,Storm,SEA,5,101030,Tanisha Wright,1611661328.0,Seattle,Storm,SEA,0,0,,,,,,0
1020800086,388,8,0,4,12:15 AM,5:06,,,SUB: Cash FOR Santos,,,5,100640,Kelly Santos,1611661328.0,Seattle,Storm,SEA,5,100721,Swin Cash,1611661328.0,Seattle,Storm,SEA,0,0,,,,,,0
1020800086,389,8,0,4,12:15 AM,5:06,SUB: Parker FOR Page,,,,,4,100199,Murriel Page,1611661320.0,Los Angeles,Sparks,LAS,4,201496,Candace Parker,1611661320.0,Los Angeles,Sparks,LAS,0,0,,,,,,0
1020800086,391,1,58,4,12:16 AM,4:54,Leslie 7' Turnaround Hook Shot (7 PTS) (Parker 3 AST),,,51 - 62,11,4,100003,Lisa Leslie,1611661320.0,Los Angeles,Sparks,LAS,4,201496,Candace Parker,1611661320.0,Los Angeles,Sparks,LAS,0,0,,,,,,0
1020800086,392,1,76,4,12:16 AM,4:30,,,Swoopes  Running Finger Roll Layup (6 PTS),53 - 62,9,5,100072,Sheryl Swoopes,1611661328.0,Seattle,Storm,SEA,0,0,,,,,,0,0,,,,,,0
1020800086,393,1,79,4,12:16 AM,4:15,Milton-Jones 16' Pullup Jump Shot (15 PTS),,,53 - 64,11,4,100396,DeLisha Milton-Jones,1611661320.0,Los Angeles,Sparks,LAS,0,0,,,,,,0,0,,,,,,0
1020800086,394,2,1,4,12:17 AM,3:56,,,MISS Wright 6' Jump Shot,,,5,101030,Tanisha Wright,1611661328.0,Seattle,Storm,SEA,0,0,,,,,,0,0,,,,,,0
1020800086,395,4,0,4,12:17 AM,3:55,,,Wright REBOUND (Off:1 Def:1),,,5,101030,Tanisha Wright,1611661328.0,Seattle,Storm,SEA,0,0,,,,,,0,0,,,,,,0
1020800086,396,2,5,4,12:17 AM,3:54,Parker BLOCK (3 BLK),,MISS Wright  Layup,,,5,101030,Tanisha Wright,1611661328.0,Seattle,Storm,SEA,0,0,,,,,,4,201496,Candace Parker,1611661320.0,Los Angeles,Sparks,LAS,0
1020800086,397,4,0,4,12:17 AM,3:52,Parker REBOUND (Off:4 Def:6),,,,,4,201496,Candace Parker,1611661320.0,Los Angeles,Sparks,LAS,0,0,,,,,,0,0,,,,,,0
1020800086,398,6,1,4,12:17 AM,3:51,,,Wright P.FOUL (P4.T4),,,5,101030,Tanisha Wright,1611661328.0,Seattle,Storm,SEA,4,201496,Candace Parker,1611661320.0,Los Angeles,Sparks,LAS,1,0,,,,,,0
1020800086,399,8,0,4,12:17 AM,3:51,SUB: Brown FOR Bobbitt,,,,,4,201497,Shannon Bobbitt,1611661320.0,Los Angeles,Sparks,LAS,4,100651,Kiesha Brown,1611661320.0,Los Angeles,Sparks,LAS,0,0,,,,,,0
1020800086,400,2,1,4,12:18 AM,3:41,MISS Brown  3PT Jump Shot,,,,,4,100651,Kiesha Brown,1611661320.0,Los Angeles,Sparks,LAS,0,0,,,,,,0,0,,,,,,0
1020800086,401,10,0,4,12:18 AM,3:39,Jump Ball Leslie vs. Cash: Tip to Masciadri,,,,,4,100003,Lisa Leslie,1611661320.0,Los Angeles,Sparks,LAS,5,100721,Swin Cash,1611661328.0,Seattle,Storm,SEA,4,100988,Raffaella Masciadri,1611661320.0,Los Angeles,Sparks,LAS,0
1020800086,402,4,0,4,12:18 AM,3:39,SPARKS Rebound,,,,,2,1611661320,,,,,,0,0,,,,,,0,0,,,,,,0
1020800086,403,2,47,4,12:18 AM,3:25,MISS Parker 11' Turnaround Jump Shot,,,,,4,201496,Candace Parker,1611661320.0,Los Angeles,Sparks,LAS,0,0,,,,,,0,0,,,,,,0
1020800086,405,4,0,4,12:18 AM,3:23,Milton-Jones REBOUND (Off:3 Def:2),,,,,4,100396,DeLisha Milton-Jones,1611661320.0,Los Angeles,Sparks,LAS,0,0,,,,,,0,0,,,,,,0
1020800086,404,1,5,4,12:18 AM,3:22,Milton-Jones  Layup (17 PTS),,,53 - 66,13,4,100396,DeLisha Milton-Jones,1611661320.0,Los Angeles,Sparks,LAS,0,0,,,,,,0,0,,,,,,0
1020800086,406,1,5,4,12:19 AM,3:07,,,Cash  Layup (10 PTS) (Swoopes 4 AST),55 - 66,11,5,100721,Swin Cash,1611661328.0,Seattle,Storm,SEA,5,100072,Sheryl Swoopes,1611661328.0,Seattle,Storm,SEA,0,0,,,,,,0
1020800086,407,1,44,4,12:19 AM,2:52,Milton-Jones  Reverse Layup (19 PTS) (Leslie 3 AST),,,55 - 68,13,4,100396,DeLisha Milton-Jones,1611661320.0,Los Angeles,Sparks,LAS,4,100003,Lisa Leslie,1611661320.0,Los Angeles,Sparks,LAS,0,0,,,,,,0
1020800086,408,2,1,4,12:19 AM,2:40,,,MISS Bird 17' Jump Shot,,,5,100720,Sue Bird,1611661328.0,Seattle,Storm,SEA,0,0,,,,,,0,0,,,,,,0
1020800086,409,4,0,4,12:19 AM,2:39,,,Jackson REBOUND (Off:2 Def:5),,,5,100682,Lauren Jackson,1611661328.0,Seattle,Storm,SEA,0,0,,,,,,0,0,,,,,,0
1020800086,410,6,2,4,12:19 AM,2:38,Leslie S.FOUL (P2.T2),,,,,4,100003,Lisa Leslie,1611661320.0,Los Angeles,Sparks,LAS,5,100682,Lauren Jackson,1611661328.0,Seattle,Storm,SEA,1,0,,,,,,0
1020800086,411,9,1,4,12:19 AM,2:38,,,Storm Timeout: Regular (Reg.4 Short 0),,,3,1611661328,,,,,,0,0,,,,,,0,0,,,,,,0
1020800086,413,8,0,4,12:21 AM,2:38,,,SUB: Robinson FOR Cash,,,5,100721,Swin Cash,1611661328.0,Seattle,Storm,SEA,5,100942,Ashley Robinson,1611661328.0,Seattle,Storm,SEA,0,0,,,,,,0
1020800086,414,8,0,4,12:21 AM,2:38,,,SUB: Beck FOR Bird,,,5,100720,Sue Bird,1611661328.0,Seattle,Storm,SEA,5,201517,Kimberly Beck,1611661328.0,Seattle,Storm,SEA,0,0,,,,,,0
1020800086,415,8,0,4,12:21 AM,2:38,,,SUB: Gearlds FOR Swoopes,,,5,100072,Sheryl Swoopes,1611661328.0,Seattle,Storm,SEA,5,201052,Katie Gearlds,1611661328.0,Seattle,Storm,SEA,0,0,,,,,,0
1020800086,416,8,0,4,12:21 AM,2:38,,,SUB: Ely-Gash FOR Wright,,,5,101030,Tanisha Wright,1611661328.0,Seattle,Storm,SEA,5,101032,Shyra Ely-Gash,1611661328.0,Seattle,Storm,SEA,0,0,,,,,,0
1020800086,418,3,11,4,12:22 AM,2:38,,,Jackson Free Throw 1 of 2 (9 PTS),56 - 68,12,5,100682,Lauren Jackson,1611661328.0,Seattle,Storm,SEA,0,0,,,,,,0,0,,,,,,0
1020800086,419,3,12,4,12:22 AM,2:38,,,Jackson Free Throw 2 of 2 (10 PTS),57 - 68,11,5,100682,Lauren Jackson,1611661328.0,Seattle,Storm,SEA,0,0,,,,,,0,0,,,,,,0
1020800086,420,5,2,4,12:23 AM,2:20,Leslie Lost Ball Turnover (P3.T10),,Jackson STEAL (3 STL),,,4,100003,Lisa Leslie,1611661320.0,Los Angeles,Sparks,LAS,5,100682,Lauren Jackson,1611661328.0,Seattle,Storm,SEA,0,0,,,,,,0
1020800086,421,5,1,4,12:23 AM,2:14,Parker STEAL (3 STL),,Beck Bad Pass Turnover (P1.T14),,,5,201517,Kimberly Beck,1611661328.0,Seattle,Storm,SEA,4,201496,Candace Parker,1611661320.0,Los Angeles,Sparks,LAS,0,0,,,,,,0
1020800086,422,1,42,4,12:23 AM,2:09,Parker  Driving Layup (20 PTS),,,57 - 70,13,4,201496,Candace Parker,1611661320.0,Los Angeles,Sparks,LAS,0,0,,,,,,0,0,,,,,,0
1020800086,423,9,2,4,12:23 AM,2:01,,,Storm Timeout: Short (Reg.4 Short 1),,,3,1611661328,,,,,,0,0,,,,,,0,0,,,,,,0
1020800086,425,8,0,4,12:24 AM,2:01,,,SUB: Santos FOR Jackson,,,5,100682,Lauren Jackson,1611661328.0,Seattle,Storm,SEA,5,100640,Kelly Santos,1611661328.0,Seattle,Storm,SEA,0,0,,,,,,0
1020800086,426,8,0,4,12:24 AM,2:01,,,SUB: Wright FOR Beck,,,5,201517,Kimberly Beck,1611661328.0,Seattle,Storm,SEA,5,101030,Tanisha Wright,1611661328.0,Seattle,Storm,SEA,0,0,,,,,,0
1020800086,427,2,5,4,12:24 AM,1:50,,,MISS Wright  Layup,,,5,101030,Tanisha Wright,1611661328.0,Seattle,Storm,SEA,0,0,,,,,,0,0,,,,,,0
1020800086,428,4,0,4,12:24 AM,1:50,,,Wright REBOUND (Off:2 Def:1),,,5,101030,Tanisha Wright,1611661328.0,Seattle,Storm,SEA,0,0,,,,,,0,0,,,,,,0
1020800086,429,6,2,4,12:25 AM,1:50,Brown S.FOUL (P1.T3),,,,,4,100651,Kiesha Brown,1611661320.0,Los Angeles,Sparks,LAS,5,101030,Tanisha Wright,1611661328.0,Seattle,Storm,SEA,1,0,,,,,,0
1020800086,430,3,11,4,12:25 AM,1:50,,,Wright Free Throw 1 of 2 (6 PTS),58 - 70,12,5,101030,Tanisha Wright,1611661328.0,Seattle,Storm,SEA,0,0,,,,,,0,0,,,,,,0
1020800086,431,3,12,4,12:25 AM,1:50,,,MISS Wright Free Throw 2 of 2,,,5,101030,Tanisha Wright,1611661328.0,Seattle,Storm,SEA,0,0,,,,,,0,0,,,,,,0
1020800086,432,4,0,4,12:25 AM,1:49,Parker REBOUND (Off:4 Def:7),,,,,4,201496,Candace Parker,1611661320.0,Los Angeles,Sparks,LAS,0,0,,,,,,0,0,,,,,,0
1020800086,433,2,1,4,12:25 AM,1:40,MISS Masciadri  3PT Jump Shot,,,,,4,100988,Raffaella Masciadri,1611661320.0,Los Angeles,Sparks,LAS,0,0,,,,,,0,0,,,,,,0
1020800086,434,4,0,4,12:25 AM,1:39,Masciadri REBOUND (Off:1 Def:0),,,,,4,100988,Raffaella Masciadri,1611661320.0,Los Angeles,Sparks,LAS,0,0,,,,,,0,0,,,,,,0
1020800086,435,2,5,4,12:25 AM,1:38,MISS Masciadri  Layup,,,,,4,100988,Raffaella Masciadri,1611661320.0,Los Angeles,Sparks,LAS,0,0,,,,,,0,0,,,,,,0
1020800086,436,4,0,4,12:25 AM,1:37,Milton-Jones REBOUND (Off:4 Def:2),,,,,4,100396,DeLisha Milton-Jones,1611661320.0,Los Angeles,Sparks,LAS,0,0,,,,,,0,0,,,,,,0
1020800086,437,8,0,4,12:26 AM,1:20,SUB: Page FOR Leslie,,,,,4,100003,Lisa Leslie,1611661320.0,Los Angeles,Sparks,LAS,4,100199,Murriel Page,1611661320.0,Los Angeles,Sparks,LAS,0,0,,,,,,0
1020800086,438,1,1,4,12:26 AM,1:17,Brown 19' Jump Shot (4 PTS) (Parker 4 AST),,,58 - 72,14,4,100651,Kiesha Brown,1611661320.0,Los Angeles,Sparks,LAS,4,201496,Candace Parker,1611661320.0,Los Angeles,Sparks,LAS,0,0,,,,,,0
1020800086,439,5,1,4,12:26 AM,1:00,Parker STEAL (4 STL),,Gearlds Bad Pass Turnover (P1.T15),,,5,201052,Katie Gearlds,1611661328.0,Seattle,Storm,SEA,4,201496,Candace Parker,1611661320.0,Los Angeles,Sparks,LAS,0,0,,,,,,0
1020800086,440,1,88,4,12:26 AM,0:57,Parker  Driving Slam Dunk (22 PTS),,,58 - 74,16,4,201496,Candace Parker,1611661320.0,Los Angeles,Sparks,LAS,0,0,,,,,,0,0,,,,,,0
1020800086,441,5,1,4,12:27 AM,0:43,Page STEAL (2 STL),,Robinson Bad Pass Turnover (P1.T16),,,5,100942,Ashley Robinson,1611661328.0,Seattle,Storm,SEA,4,100199,Murriel Page,1611661320.0,Los Angeles,Sparks,LAS,0,0,,,,,,0
1020800086,442,6,2,4,12:27 AM,0:41,,,Wright S.FOUL (P5.PN),,,5,101030,Tanisha Wright,1611661328.0,Seattle,Storm,SEA,4,100651,Kiesha Brown,1611661320.0,Los Angeles,Sparks,LAS,1,0,,,,,,0
1020800086,443,3,11,4,12:27 AM,0:41,Brown Free Throw 1 of 2 (5 PTS),,,58 - 75,17,4,100651,Kiesha Brown,1611661320.0,Los Angeles,Sparks,LAS,0,0,,,,,,0,0,,,,,,0
1020800086,444,8,0,4,12:27 AM,0:41,SUB: Bobbitt FOR Parker,,,,,4,201496,Candace Parker,1611661320.0,Los Angeles,Sparks,LAS,4,201497,Shannon Bobbitt,1611661320.0,Los Angeles,Sparks,LAS,0,0,,,,,,0
1020800086,445,3,12,4,12:27 AM,0:41,Brown Free Throw 2 of 2 (6 PTS),,,58 - 76,18,4,100651,Kiesha Brown,1611661320.0,Los Angeles,Sparks,LAS,0,0,,,,,,0,0,,,,,,0
1020800086,447,1,5,4,12:28 AM,0:28,,,Wright  Layup (8 PTS) (Robinson 3 AST),60 - 76,16,5,101030,Tanisha Wright,1611661328.0,Seattle,Storm,SEA,5,100942,Ashley Robinson,1611661328.0,Seattle,Storm,SEA,0,0,,,,,,0
1020800086,448,5,21,4,12:28 AM,0:07,Bobbitt Palming Turnover (P1.T11),,,,,4,201497,Shannon Bobbitt,1611661320.0,Los Angeles,Sparks,LAS,0,0,,,,,,1,0,,,,,,0
1020800086,450,6,2,4,12:29 AM,0:00,Bobbitt S.FOUL (P2.PN),,,,,4,201497,Shannon Bobbitt,1611661320.0,Los Angeles,Sparks,LAS,5,101030,Tanisha Wright,1611661328.0,Seattle,Storm,SEA,1,0,,,,,,0
1020800086,451,3,11,4,12:29 AM,0:00,,,Wright Free Throw 1 of 2 (9 PTS),61 - 76,15,5,101030,Tanisha Wright,1611661328.0,Seattle,Storm,SEA,0,0,,,,,,0,0,,,,,,0
1020800086,452,3,12,4,12:29 AM,0:00,,,Wright Free Throw 2 of 2 (10 PTS),62 - 76,14,5,101030,Tanisha Wright,1611661328.0,Seattle,Storm,SEA,0,0,,,,,,0,0,,,,,,0
1020800086,453,13,0,4,12:29 AM,0:00,,End of 4th Period (12:29 AM EST),,62 - 76,14,0,0,,,,,,0,0,,,,,,0,0,,,,,,0
